Joint Name,Image intensity values (HU)
Talonavicular - Talus,47,11,41,62,76,37,31,43,60,58,57,52,57,75,92,84,64,61,71,67,41,71,69,78,98,109,96,75,35,60,80,89,95,66,34,27,46,55,55,84,79,70,62,42,43,75,75,80,70,75,82,94,102,101,85,62,60,74,72,71,85,76,90,86,82,90,109,130,137,118,92,79,73,60,60,81,74,84,86,87,100,118,134,143,134,112,92,79,75,70,72,78,81,85,90,92,99,117,127,86,76,80,82,80,79,41,65,44,75,53,58,35,48,65,47,45,45,35,80,103,104,95,94,84,74,77,69,54,48,81,97,120,136,131,120,110,94,92,101,91,72,66,60,46,123,125,132,138,142,143,138,120,94,87,92,82,73,78,71,49,111,137,149,145,136,128,129,141,149,135,101,76,65,60,69,88,86,91,109,131,136,123,108,103,105,115,135,138,106,67,52,62,85,97,98,103,112,102,80,64,59,55,59,89,113,92,114,126,108,94,89,74,50,27,12,4,94,128,142,118,89,72,61,92,126,144,160,158,137,135,104,125,113,66,122,114,58,110,118,67,10,93,109,68,14,99,112,73,22,117,128,88,31,112,126,91,31,87,104,80,29,75,87,71,32,80,84,65,35,87,71,79,70,48,41,37,67,84,100,105,103,92,74,65,54,36,25,104,118,132,143,144,139,134,123,112,102,81,58,46,46,52,136,143,159,182,191,183,166,153,139,126,125,121,97,70,60,64,68,71,134,171,194,201,208,212,194,164,141,127,109,91,91,89,70,62,73,77,123,153,187,215,215,199,174,138,107,91,82,58,38,26,22,34,58,75,85,109,131,147,170,189,176,76,56,52,69,81,50,7,-10,-1,25,53,74,89,132,145,132,132,139,82,46,25,17,17,44,67,39,-1,-10,88,125,165,155,113,87,84,71,39,2,-17,-19,-12,10,117,125,152,171,147,102,68,54,44,23,-10,137,137,141,146,148,130,96,135,157,156,142,127,120,121,174,199,180,142,131,193,219,185,97,135,190,211,169,119,153,195,204,136,172,205,203,154,98,147,188,211,198,111,174,211,212,181,136,202,227,203,147,84,143,202,219,182,109,39,139,187,203,166,85,13,115,150,169,144,72,1,90,121,138,116,51,-13,88,129,146,110,37,-25,-53,94,151,177,138,61,-4,-46,85,154,190,162,91,21,-29,78,149,182,155,88,17,-33,148,174,140,73,4,-47,139,169,137,73,12,-36,162,149,99,44,-7,154,160,124,68,137,103,58,59,72,77,93,102,98,79,61,68,68,40,14,10,137,141,135,137,145,143,127,104,90,88,78,56,38,36,52,147,174,204,219,215,199,179,166,150,133,122,112,90,64,50,55,80,104,103,162,206,224,237,261,280,266,218,171,147,127,112,114,110,54,49,71,106,126,125,156,220,267,278,270,273,276,239,168,27,82,120,136,156,167,200,244,273,270,239,215,-8,-19,-20,-17,-2,30,73,112,139,176,205,220,228,235,220,176,18,-5,2,18,-5,-45,-58,-47,-24,5,44,86,108,144,201,242,229,195,160,127,89,51,18,-1,-6,14,36,8,-31,-41,-37,-30,127,141,174,224,249,209,110,101,90,61,22,-1,-4,-9,-3,11,3,162,185,192,200,212,204,155,101,71,62,54,34,7,-6,-7,-18,129,187,218,213,191,171,151,116,79,54,41,29,14,119,153,209,235,213,171,143,129,106,141,155,192,244,257,214,158,131,164,180,212,255,258,200,135,185,199,213,239,237,180,115,160,207,221,216,222,216,166,105,162,215,230,216,206,192,147,93,112,158,206,225,217,200,174,134,92,118,165,211,236,232,206,170,127,85,133,189,239,259,242,205,159,104,52,153,213,260,266,235,189,131,66,18,162,222,258,252,216,166,104,39,0,141,202,226,214,182,90,22,-28,126,181,197,183,154,-8,-65,130,178,199,196,164,109,-34,-81,128,173,205,224,202,137,56,-9,-51,157,198,231,223,167,93,30,-15,143,193,231,224,172,98,27,-24,131,188,231,224,167,85,3,-53,171,223,224,170,90,8,-48,154,214,226,186,117,41,-20,203,227,199,133,54,-17,172,208,188,117,29,165,159,91,111,110,115,120,122,109,92,96,94,63,30,30,138,159,161,161,167,163,147,129,106,91,103,108,81,52,49,70,156,180,218,244,243,233,223,199,164,136,114,100,104,103,84,68,74,99,120,143,186,224,259,295,320,319,292,247,190,144,121,110,102,97,82,61,55,76,114,137,119,156,156,187,247,294,313,322,337,341,306,27,71,122,145,168,196,206,241,295,323,311,288,290,77,129,142,151,199,236,250,271,299,301,265,-44,-35,-26,-8,26,76,117,128,123,166,224,275,290,282,278,-34,-16,-27,-50,-49,-30,-8,13,46,82,113,147,189,246,302,315,282,61,29,-2,-18,-2,24,9,-22,-25,-16,-12,-10,5,138,171,203,231,261,294,299,202,155,127,109,84,53,36,28,10,3,19,18,2,-2,153,195,240,267,267,250,240,229,195,150,110,90,81,68,54,53,50,20,-10,0,149,167,212,264,289,264,177,158,130,98,69,51,40,34,38,44,38,178,190,219,262,278,189,154,128,94,55,24,11,186,220,233,245,267,232,188,155,118,161,217,259,267,259,260,251,212,167,133,177,244,288,282,248,222,182,132,102,196,266,307,288,234,194,159,114,89,155,217,275,303,275,218,169,136,104,86,172,229,266,277,252,209,180,156,122,102,181,239,263,265,248,217,187,157,121,99,80,194,256,281,283,263,221,183,149,109,77,45,206,268,298,299,269,212,163,125,85,50,14,205,266,297,295,255,102,68,31,-1,192,253,280,267,223,97,52,-6,-42,186,247,269,246,200,91,22,-56,-91,182,242,265,249,214,82,3,-69,-98,170,231,255,254,243,100,27,-31,-68,165,227,250,252,250,231,129,62,4,-49,156,225,256,256,244,221,55,-9,-55,201,250,256,239,211,24,-40,-66,175,232,250,240,211,167,106,27,-34,-55,158,215,248,253,224,174,46,-10,-40,185,237,259,238,177,102,30,-25,-58,199,239,239,183,95,7,-56,146,198,220,183,100,9,162,191,161,87,20,134,167,144,55,137,7,30,61,48,152,146,151,163,168,162,149,134,119,108,92,81,190,211,207,206,213,209,196,191,183,165,147,134,119,102,96,102,98,168,209,256,270,261,266,271,243,201,179,161,140,131,128,117,107,110,126,132,105,171,196,237,296,342,350,328,310,288,234,174,144,130,110,101,96,89,91,110,133,144,115,164,194,222,254,302,356,393,396,365,318,46,82,115,131,113,178,217,249,278,305,332,355,370,368,50,92,111,107,181,228,265,285,302,313,308,296,41,76,86,88,173,220,267,297,298,294,-2,9,26,47,63,68,80,155,201,244,285,312,303,1,2,19,42,57,54,50,55,68,164,208,252,274,292,311,22,0,12,41,40,25,35,56,61,46,35,38,193,234,283,312,301,283,128,104,83,73,60,36,32,52,57,42,38,36,26,15,205,249,295,328,336,300,244,243,213,168,138,121,102,91,97,92,59,35,40,45,39,208,229,259,289,308,307,183,197,200,172,131,104,86,73,76,88,81,55,42,184,232,251,254,255,262,186,167,164,142,99,61,45,40,38,55,218,269,284,268,246,225,200,181,148,96,43,9,201,262,308,316,287,247,209,193,178,136,77,229,290,328,329,291,168,150,148,124,168,251,312,335,324,282,167,138,121,127,111,187,281,333,333,303,255,157,125,113,119,95,204,299,332,311,270,150,121,113,111,84,202,294,313,285,255,151,125,114,102,72,198,282,297,278,265,144,119,105,85,96,212,279,288,278,274,115,94,81,56,145,241,282,280,273,268,73,55,28,179,268,294,284,268,249,64,26,-4,182,275,307,296,269,234,55,-6,-38,162,255,301,298,267,228,61,-9,-39,143,230,283,286,253,218,95,26,-11,221,281,288,256,219,120,50,-3,213,285,304,284,245,92,23,-26,187,263,301,300,262,219,42,-14,-40,-58,238,283,294,262,215,33,-13,-27,-41,225,268,282,264,226,184,41,0,-20,-43,189,238,265,264,243,202,76,20,-21,-47,-72,192,241,256,249,219,158,82,6,-51,-84,-38,208,238,238,211,161,96,21,-47,-39,-18,158,216,228,193,135,75,17,-55,-2,32,193,226,197,133,65,-24,-11,38,198,199,157,93,27,41,22,26,137,168,156,5,64,86,112,115,25,83,174,190,193,173,149,142,147,144,114,74,197,227,236,242,251,261,266,266,253,226,195,177,172,153,123,113,114,159,208,266,296,304,315,327,320,296,277,259,228,192,172,169,158,138,133,141,132,194,200,232,289,336,346,336,338,339,309,262,227,196,164,138,129,133,134,128,134,151,145,100,181,218,241,256,298,351,381,372,341,323,104,118,136,128,87,190,239,279,296,304,332,370,388,368,88,108,109,83,200,249,294,323,331,324,325,56,83,94,86,81,219,259,295,317,324,323,25,48,68,76,83,173,216,269,302,315,316,304,18,12,29,60,78,87,185,218,261,301,311,305,304,50,72,96,107,92,65,44,57,91,100,187,229,277,318,335,311,63,63,68,93,125,135,122,101,80,83,104,205,240,297,341,369,364,126,106,78,66,74,82,86,100,108,103,96,86,69,252,300,349,371,372,191,163,136,123,123,115,97,88,90,92,101,116,108,242,292,320,334,331,260,294,265,209,170,144,124,119,125,121,114,118,123,120,205,276,316,313,289,264,175,220,234,189,135,111,108,114,128,139,135,131,256,324,345,314,266,185,179,191,172,119,72,54,58,77,102,119,213,307,367,370,325,200,199,192,156,109,67,166,249,336,381,367,187,195,191,165,138,192,279,358,382,346,179,167,176,173,159,213,309,384,390,330,154,142,146,136,126,218,323,390,378,129,114,105,87,111,204,308,357,333,129,110,89,58,90,194,287,311,286,129,111,91,50,109,215,290,287,259,93,78,67,40,158,265,317,288,249,63,47,40,32,189,295,342,308,261,70,53,41,37,179,285,347,332,288,103,78,58,60,156,254,331,338,303,149,112,86,89,146,235,313,324,291,197,148,104,82,146,235,314,320,281,206,144,75,22,229,321,335,302,264,152,90,18,-33,207,313,348,330,295,32,-10,-40,189,302,348,339,303,256,13,-8,-27,-43,290,340,329,292,245,12,-16,-43,-64,255,312,310,275,235,198,46,-7,-49,-81,-93,-42,264,290,274,239,208,101,42,-29,-84,-117,-124,-64,-35,217,272,288,266,221,172,135,106,51,-28,-94,-135,-94,-53,-12,53,228,285,297,247,173,117,81,34,-28,6,-46,-61,-19,36,107,156,248,303,277,203,128,67,12,-57,22,54,21,-5,19,177,257,272,229,162,93,31,-74,-27,39,84,85,59,176,224,217,171,109,-45,-24,20,76,119,108,163,172,139,79,-7,23,71,119,137,111,14,190,176,143,129,142,151,131,191,221,236,246,265,282,275,242,211,205,205,190,153,118,113,128,153,180,226,276,317,342,356,369,373,358,324,285,255,231,212,184,157,159,176,166,204,206,224,260,301,335,365,389,400,396,374,338,296,257,223,197,180,158,133,141,169,173,133,213,243,263,270,289,318,340,344,345,354,358,92,100,132,143,118,92,210,259,297,316,315,321,333,334,98,103,91,96,176,213,277,328,346,344,330,323,83,88,84,100,198,238,288,343,368,358,344,74,86,85,96,116,192,251,312,347,360,349,52,76,83,100,129,198,242,308,360,365,339,27,52,87,101,121,162,206,208,259,309,348,364,340,104,109,99,83,95,128,136,139,175,238,217,266,326,361,368,348,65,83,117,145,157,163,156,135,135,155,150,136,154,233,279,338,387,397,378,176,144,119,119,146,176,182,168,160,152,133,129,137,129,116,123,223,283,344,395,417,403,203,188,181,185,192,202,203,192,193,220,244,226,185,159,140,119,114,117,115,113,118,266,336,380,392,377,250,209,196,189,189,193,205,234,262,258,245,257,263,160,168,170,161,221,319,375,378,349,293,267,215,188,195,218,243,255,260,276,293,278,221,164,266,370,402,370,203,219,202,168,148,162,203,246,265,263,259,245,200,310,400,413,367,198,196,193,179,148,114,110,134,161,179,186,253,348,412,408,229,215,209,202,172,127,233,308,383,419,397,271,246,225,221,224,209,263,338,400,422,233,212,192,193,203,264,338,392,407,159,130,115,124,138,181,248,320,357,359,113,77,61,63,155,229,297,314,297,90,65,58,50,147,225,295,299,259,53,47,63,69,166,256,327,315,255,42,46,68,84,195,291,349,327,89,89,89,97,192,279,330,324,289,162,148,130,173,245,299,316,303,224,198,165,177,237,291,315,298,251,206,145,190,252,309,327,292,223,148,64,257,325,348,313,151,67,-7,-31,243,322,361,348,315,80,22,-26,-39,210,308,366,366,342,7,-29,-52,-72,-18,161,277,360,370,343,298,-8,-51,-83,-94,-78,8,239,337,363,332,274,17,-38,-83,-110,-112,-98,-45,52,212,304,342,324,265,208,74,2,-68,-115,-130,-125,-131,-91,-29,75,262,316,331,300,251,120,84,6,-75,-127,-137,-128,25,22,-57,-98,-69,-7,97,212,276,324,340,312,243,124,101,66,9,-50,-95,-111,-111,-112,-109,-55,30,66,12,-40,-19,56,212,280,335,335,273,193,128,79,36,2,-113,-105,-96,-51,29,96,85,30,35,116,216,284,307,276,149,89,43,-104,-79,-74,-65,-27,37,115,153,110,149,215,257,260,221,159,95,49,-66,-43,-29,-2,43,90,150,205,157,214,231,201,138,64,-51,-22,13,67,129,183,203,177,115,24,-32,0,48,172,163,108,6,5,132,95,78,170,199,212,220,237,251,242,219,212,217,205,174,138,112,109,112,165,175,207,259,311,336,343,353,363,351,313,286,277,260,229,196,178,182,188,163,211,214,220,240,275,329,388,420,424,421,420,399,355,315,293,260,221,188,176,192,209,193,149,220,246,271,284,295,306,319,343,382,413,416,401,167,126,109,130,160,165,148,124,235,272,304,327,332,329,325,316,93,104,107,115,126,180,229,294,337,351,354,339,318,61,72,108,147,206,250,310,373,395,372,349,63,74,112,155,171,214,277,343,389,419,407,78,88,116,152,187,213,266,346,407,420,404,94,107,136,179,230,252,230,276,326,383,414,394,106,131,145,171,223,288,245,305,346,369,384,375,135,148,169,176,184,226,301,260,318,369,391,384,367,151,153,159,165,163,169,184,181,171,187,256,322,380,415,415,391,187,217,242,229,192,167,159,159,174,188,183,170,165,231,315,384,428,440,423,323,323,304,305,334,347,311,251,205,178,167,177,191,202,214,209,283,385,432,436,417,242,258,272,289,314,352,376,361,338,340,337,304,263,236,219,207,209,221,244,276,283,225,335,429,441,402,257,242,262,297,328,350,364,379,376,331,271,242,228,200,224,238,250,275,313,198,272,375,441,423,247,258,248,235,259,307,346,361,357,340,310,259,207,228,265,320,245,321,406,442,403,193,193,215,214,195,207,243,264,265,253,227,190,255,336,237,302,375,433,443,210,198,215,206,174,169,180,177,169,249,272,355,418,446,316,262,244,249,233,203,199,200,182,306,386,431,435,312,272,265,268,252,235,256,332,394,417,405,224,202,220,233,215,195,262,335,386,391,363,126,116,147,155,122,235,312,362,359,69,78,111,101,49,203,280,333,337,47,76,119,105,46,204,279,334,345,75,101,132,124,223,307,362,361,141,137,134,133,223,310,359,348,209,187,158,140,145,215,294,330,319,233,212,167,131,121,213,291,318,307,285,238,217,151,89,58,204,292,329,321,295,218,176,94,32,5,-18,192,292,346,345,314,103,30,-10,-23,-58,-3,287,354,360,332,48,-6,-35,-47,-104,-37,38,253,332,358,344,321,29,-24,-64,-77,-105,-2,111,198,283,335,347,335,26,-36,-92,-107,-102,-134,-69,61,242,313,352,349,325,-52,-109,-126,-118,-121,-146,-102,-17,122,227,312,360,355,318,40,-20,-83,-125,-130,-120,-125,-136,-136,-132,-135,-112,26,-10,-96,-123,-80,2,138,210,300,350,353,325,273,103,47,-29,-96,-122,-110,-106,-123,-131,-115,-99,-102,-101,-51,23,38,-24,-72,-53,20,149,254,316,343,344,318,116,94,56,0,-57,-80,-77,-96,-134,-148,-129,-100,-84,-79,-49,23,82,54,0,10,268,311,336,336,299,79,54,40,17,-24,-51,-61,-91,-132,-143,-121,-90,-70,-63,-45,11,94,116,75,218,267,305,317,286,228,110,59,27,18,-82,-103,-97,-65,-42,-37,-32,-11,29,108,211,256,281,268,232,122,55,14,0,-76,-57,-25,-4,8,38,82,202,247,261,241,196,126,46,-13,-56,-40,-21,3,44,113,187,159,223,255,238,186,114,24,-55,-32,-21,-10,20,80,178,221,213,167,100,9,-80,-11,9,29,146,165,148,98,20,-6,44,116,125,101,95,93,190,195,199,210,221,225,233,245,230,193,166,143,118,105,197,223,259,295,312,317,327,332,326,324,330,312,270,236,211,190,183,172,141,212,224,229,256,296,343,397,427,428,424,419,403,379,360,334,293,256,232,221,227,222,185,141,114,246,280,294,303,321,343,377,426,457,450,427,413,394,361,331,305,266,219,184,174,188,195,178,155,139,129,241,266,303,335,351,357,356,348,351,129,133,137,137,133,246,299,326,337,348,352,349,85,102,119,136,138,199,246,316,374,380,352,333,82,114,150,163,232,281,341,395,430,412,96,126,161,185,173,244,298,367,422,442,441,125,150,179,215,230,256,311,365,423,454,444,182,218,268,300,284,349,388,411,432,204,240,301,305,380,428,430,415,196,190,205,310,383,443,456,426,193,179,154,142,302,370,432,464,453,258,239,200,174,174,191,211,216,200,172,139,132,270,359,438,473,473,282,299,330,336,303,250,210,198,209,233,251,262,267,241,310,422,493,491,456,324,307,290,284,290,290,279,256,233,222,223,230,248,287,341,355,269,363,456,494,463,375,368,331,277,225,181,157,154,167,172,171,186,205,209,218,263,347,404,236,326,407,457,457,270,294,333,356,362,341,282,204,141,88,49,64,99,144,166,186,243,346,421,292,379,439,457,251,253,238,247,271,277,267,243,191,131,86,19,62,106,164,260,382,255,345,426,465,463,216,216,193,190,195,188,173,159,132,94,13,64,148,272,283,385,461,481,242,240,223,195,187,184,169,152,142,25,74,151,320,420,480,477,304,292,263,233,221,214,198,95,149,259,367,452,480,451,288,297,295,263,228,208,198,189,253,287,395,461,463,417,192,211,215,187,156,132,202,264,274,375,435,433,106,127,131,109,89,63,227,250,342,398,402,71,104,115,100,80,43,184,197,209,246,257,345,391,392,102,133,147,142,125,83,224,233,237,243,265,359,405,400,167,161,169,178,190,181,233,240,236,246,259,355,405,397,185,178,179,185,198,177,156,160,195,257,348,394,376,169,169,160,150,140,104,30,59,132,242,334,382,357,176,166,128,87,59,-37,16,116,205,305,370,356,309,168,134,78,30,4,-50,18,126,290,369,368,321,113,66,18,-16,-87,-62,22,131,292,377,381,337,10,-32,-55,-61,-120,-74,33,153,270,362,381,348,-9,-64,-85,-87,-91,-147,-134,-66,65,206,222,321,360,342,311,-72,-103,-102,-107,-126,-146,-127,-145,-112,-28,116,269,284,337,342,332,-71,-107,-107,-114,-138,-156,-153,-131,-83,-15,5,-51,-118,-122,-69,21,158,263,336,367,368,340,-25,-83,-100,-95,-107,-131,-142,-128,-103,-74,-38,-21,-45,-83,-84,-35,43,241,338,384,383,344,71,20,-41,-82,-80,-76,-96,-119,-122,-102,-76,-69,-61,-34,-7,-16,-35,-11,302,363,372,349,309,107,81,42,-7,-42,-49,-68,-103,-121,-117,-90,-57,-49,-51,-20,37,53,27,243,324,353,346,322,288,87,66,49,39,17,-10,-29,-62,-98,-107,-93,-68,-43,-30,-27,-6,285,334,333,313,282,46,9,-7,0,1,-14,-26,-44,-64,-62,-38,-18,-9,290,302,290,267,225,99,38,-15,-43,-38,-26,-29,-25,-23,-27,-21,0,21,40,208,247,259,255,234,204,121,50,-17,-55,-55,-8,3,4,3,6,24,63,194,236,257,253,221,173,111,37,-29,-62,-62,-4,19,31,28,20,37,89,201,243,251,215,151,84,18,-35,-62,-69,-37,-1,31,53,65,96,181,205,191,143,85,31,-15,-42,-59,-72,-44,5,71,154,169,150,106,60,15,-15,142,145,121,82,34,115,239,246,242,210,173,160,151,212,227,252,280,291,297,315,332,336,349,356,322,277,257,238,202,172,155,137,231,248,277,313,348,384,402,406,420,425,415,421,425,386,333,304,282,256,242,224,190,155,123,214,255,289,316,348,376,398,430,455,457,458,451,432,423,405,358,307,275,249,234,236,229,198,173,157,144,242,262,298,336,362,379,391,388,386,406,173,162,152,150,151,146,266,305,329,349,366,379,389,123,124,124,132,143,194,258,329,371,366,337,323,110,112,127,146,132,229,275,336,392,413,375,121,141,164,153,264,314,363,402,424,420,148,163,187,184,161,282,345,390,423,436,429,200,227,235,230,295,374,427,449,457,241,274,263,321,400,463,482,476,269,358,434,495,513,489,368,445,505,533,510,363,445,504,527,521,317,420,505,541,529,275,264,248,240,247,259,361,471,537,546,146,174,192,198,207,212,214,225,235,237,237,246,302,421,506,530,509,192,119,89,89,83,81,102,123,139,168,190,185,175,193,248,257,361,472,513,492,297,252,166,80,43,34,12,-4,6,24,46,93,140,156,160,190,258,309,413,494,500,221,228,228,217,188,129,66,38,27,-4,-34,-31,-21,15,73,127,181,251,332,356,452,502,487,177,158,150,144,140,138,123,89,61,43,-30,-37,-24,19,87,177,286,294,400,484,511,179,146,126,118,117,119,130,138,115,78,7,9,36,92,173,274,328,445,511,517,205,173,151,142,147,154,160,155,118,97,117,127,154,202,253,373,483,525,509,258,230,205,180,165,175,193,190,128,166,182,214,240,268,317,368,273,410,501,515,480,210,202,197,176,153,158,180,177,130,189,238,257,273,287,305,356,434,271,405,482,482,131,131,146,165,155,123,115,138,151,145,147,177,225,255,273,291,294,305,372,467,270,392,458,459,83,102,129,156,148,112,107,148,183,194,204,224,242,249,263,281,284,298,365,290,407,466,460,120,153,184,205,194,167,178,232,274,273,260,261,264,270,286,301,314,344,407,292,411,469,460,172,205,238,262,263,239,225,244,291,319,291,245,229,239,268,297,320,357,418,286,400,453,442,210,252,278,280,248,201,187,209,246,209,151,123,138,185,224,256,321,417,287,395,439,423,205,251,251,221,170,117,94,111,35,75,113,154,244,365,369,422,412,205,227,190,138,93,55,31,2,26,62,118,226,352,323,401,411,367,173,164,117,72,43,21,13,27,56,118,234,354,299,394,415,376,92,67,33,12,3,-6,0,20,83,203,319,358,296,395,417,379,-5,-34,-43,-41,-43,-64,-59,-34,35,157,272,270,372,405,377,-28,-66,-80,-80,-82,-97,-102,-20,-43,-84,-104,-99,-62,10,125,240,212,321,377,367,329,-14,-64,-87,-95,-104,-119,-122,-105,-69,-35,-36,-73,-105,-97,-52,15,114,276,350,357,330,-41,-66,-83,-104,-122,-117,-88,-52,-31,-40,-71,-92,-73,-23,35,253,342,368,356,-16,-32,-58,-88,-108,-97,-61,-36,-45,-69,-74,-61,-37,2,225,335,390,383,354,3,-9,-42,-75,-93,-81,-46,-35,-60,-81,-50,-6,1,300,387,391,352,306,70,52,36,23,18,-10,-52,-77,-85,-71,-20,-34,-49,248,356,387,360,319,71,39,37,46,44,28,-9,-49,-64,-65,-57,315,382,374,327,279,20,-14,-5,28,44,39,17,-12,-27,-26,339,362,320,270,232,65,8,-38,-41,-6,23,47,52,34,12,5,243,300,294,264,235,212,80,18,-31,-49,-32,4,53,83,75,46,22,226,264,267,255,240,215,54,9,-18,-39,-43,-18,39,88,102,83,54,226,258,265,252,214,78,22,1,-6,-28,-53,-51,-7,45,87,111,116,210,237,234,203,74,28,12,5,-17,-51,-63,-44,-13,38,113,195,211,203,160,94,43,19,9,-2,189,194,169,116,63,149,203,213,232,257,280,301,318,325,332,328,292,250,237,227,193,154,135,249,271,296,328,364,391,410,430,444,443,452,449,403,353,334,317,278,236,208,184,147,244,290,326,357,386,412,439,455,464,483,492,486,493,479,423,371,345,321,294,272,250,223,191,160,139,241,268,314,362,394,412,419,415,418,427,436,454,233,228,211,195,184,183,175,262,297,323,348,376,400,414,414,178,163,157,170,184,164,262,329,371,381,375,370,120,136,166,165,222,266,335,393,410,381,332,116,127,161,171,158,263,310,360,401,419,402,145,175,184,177,165,287,353,396,417,420,406,169,195,206,202,243,305,389,441,449,435,227,240,260,318,404,475,496,480,295,353,422,484,514,504,392,466,516,534,517,395,487,546,563,552,369,472,555,584,572,326,436,536,583,584,377,499,572,572,177,171,181,205,232,333,443,548,575,537,77,92,85,68,77,106,148,195,207,294,390,495,566,550,104,63,56,59,38,9,5,24,68,136,186,183,334,436,518,549,132,94,65,59,55,23,-12,-25,-19,9,74,150,200,220,372,472,524,521,120,117,116,110,96,83,67,28,-2,-14,-17,-8,33,103,173,231,282,414,509,531,95,103,110,126,142,133,108,84,48,26,28,31,35,58,104,155,204,310,457,544,544,117,111,122,140,148,157,164,144,119,111,96,95,122,148,159,176,212,244,257,361,502,564,547,173,173,182,203,213,203,183,153,141,169,195,223,270,307,322,348,397,421,402,532,565,531,208,228,238,238,250,260,244,217,199,208,253,301,347,395,420,431,473,543,562,247,402,525,542,196,235,259,256,254,266,266,255,259,278,305,332,373,415,426,430,487,571,399,507,521,174,221,248,243,242,269,291,292,292,296,290,289,317,353,364,376,439,413,512,522,180,219,260,278,277,287,322,343,327,299,281,267,266,291,329,363,403,466,407,512,522,276,303,313,308,306,325,357,363,323,272,246,250,281,322,377,450,526,402,508,510,330,325,293,254,241,260,285,282,242,197,168,180,236,298,370,477,582,405,502,492,320,277,217,164,139,145,162,159,140,124,99,99,152,222,309,432,544,370,469,469,422,294,224,161,116,88,82,88,89,87,89,77,80,127,194,284,402,495,314,428,458,427,273,245,183,131,99,77,65,63,62,56,53,58,94,145,196,264,360,431,291,418,461,432,171,152,115,82,61,47,34,29,27,12,-7,4,65,120,152,196,272,287,411,454,424,81,57,31,9,-1,-13,-23,-21,-16,-30,-56,-52,0,48,78,117,181,259,372,421,404,7,-27,-46,-50,-56,-64,-62,-54,-56,-71,-71,-37,1,33,63,203,308,371,376,353,6,-38,-59,-61,-64,-70,-69,-64,-63,-68,-64,-41,-4,25,256,330,351,331,-9,-32,-44,-57,-58,-45,-38,-49,-62,-58,-35,-1,238,315,344,329,-24,-47,-48,-25,-15,-39,-63,-47,-12,305,356,357,323,-7,-29,-59,263,355,388,350,211,334,400,380,316,43,71,97,91,298,387,400,347,282,23,29,69,102,101,68,333,381,355,290,27,14,43,89,118,119,91,245,315,327,289,250,73,39,9,18,67,123,153,141,234,287,287,267,250,49,36,10,7,46,103,145,159,248,282,278,258,229,23,25,7,0,23,62,101,139,250,268,251,214,170,21,20,18,2,-5,5,25,48,241,246,222,187,132,67,26,16,11,238,237,211,157,89,40,204,192,164,192,225,240,243,244,247,248,227,193,179,171,144,212,229,247,273,304,343,376,388,389,391,404,410,375,324,301,286,247,202,178,162,132,237,269,301,322,351,389,426,459,482,491,490,495,518,514,456,393,366,350,312,267,238,217,182,144,115,252,284,324,365,391,403,419,438,452,462,471,485,491,503,525,499,425,367,340,319,290,261,242,228,207,191,191,172,273,312,356,394,417,420,419,420,211,201,199,220,221,185,261,311,352,381,398,404,399,166,190,211,195,259,322,376,400,396,379,150,183,187,169,259,297,342,386,407,396,145,180,194,189,169,281,346,396,423,426,407,195,213,212,202,306,377,436,456,442,418,216,239,245,278,343,412,468,485,462,259,278,351,436,497,512,487,373,453,515,532,502,407,487,542,554,529,391,493,558,573,553,368,464,544,579,576,343,433,525,571,573,400,501,572,580,355,474,558,590,564,121,97,107,416,532,582,577,140,114,74,46,53,88,152,322,464,559,574,122,130,103,60,34,39,64,113,190,361,501,567,550,103,127,138,118,78,60,68,84,113,173,400,537,575,529,128,127,141,155,161,147,117,113,131,138,148,187,285,446,570,586,191,177,169,178,180,178,176,163,181,221,234,236,263,340,502,599,589,243,263,249,228,224,218,211,223,240,281,338,365,371,399,382,542,612,576,326,340,330,307,296,293,292,308,342,394,450,480,489,526,388,537,590,367,371,370,361,355,360,365,368,391,441,490,509,517,386,517,558,531,328,337,338,353,369,369,362,351,332,337,381,429,447,384,513,553,534,317,321,323,342,366,364,335,301,276,279,362,508,562,548,314,312,316,331,347,344,316,279,266,290,337,345,509,573,552,271,246,231,234,247,257,266,262,235,229,273,335,347,507,562,527,194,151,124,122,133,144,165,186,175,168,208,273,355,332,469,518,486,248,179,129,95,83,86,92,110,139,151,161,192,237,295,298,425,485,470,274,204,153,121,102,90,83,85,102,133,184,221,226,231,276,413,489,477,234,172,126,102,88,75,66,56,50,82,164,213,193,267,406,483,467,138,88,51,34,30,32,37,29,11,33,113,165,149,244,373,442,431,65,27,4,-5,-9,-6,1,1,-6,18,86,134,319,389,392,373,8,0,-8,-17,-22,-23,-27,-23,12,74,265,349,367,351,-20,-16,-19,-35,-34,5,235,336,366,341,327,374,357,322,274,356,376,359,321,375,378,334,291,362,380,358,307,328,361,355,318,119,265,312,325,308,271,65,111,245,284,296,276,253,61,102,243,289,290,270,238,48,81,101,274,299,287,241,173,28,50,283,296,256,196,139,277,271,236,188,126,242,232,183,193,214,238,268,297,307,300,289,291,302,292,261,238,221,192,160,143,226,249,261,288,329,370,409,435,438,429,427,447,460,431,379,347,325,287,246,225,209,180,139,259,296,333,356,361,379,414,446,469,482,479,471,485,523,523,466,402,372,354,315,273,252,239,211,182,168,250,297,362,409,430,428,412,407,415,222,213,199,200,225,224,178,279,312,373,431,449,428,394,181,191,228,244,213,259,321,360,383,408,420,398,192,214,204,172,282,334,383,402,391,377,189,192,179,161,248,319,378,408,417,397,189,199,193,187,164,285,347,420,457,452,428,218,218,221,337,384,437,480,479,255,264,357,445,481,487,481,353,457,534,538,495,380,464,541,572,543,393,489,553,577,563,387,490,565,579,557,375,473,551,576,556,439,535,571,553,377,511,584,581,299,458,585,613,577,364,536,635,618,427,586,645,600,140,139,182,232,317,484,612,624,245,205,207,240,272,367,536,628,599,300,280,281,297,300,427,583,638,292,314,310,314,325,315,330,486,624,642,260,273,294,323,333,350,371,528,642,628,316,330,385,537,624,590,379,525,591,555,360,517,582,561,325,501,585,585,285,481,585,594,225,238,272,272,466,566,569,127,145,158,185,216,211,279,446,527,522,100,115,143,161,174,193,195,188,275,424,499,498,145,157,184,204,210,210,213,228,250,407,498,507,155,135,151,183,213,222,208,211,255,388,494,507,80,97,136,179,198,186,197,358,468,479,437,59,60,89,128,151,157,189,304,419,441,411,240,363,415,404,330,416,419,383,306,418,438,397,245,377,428,401,322,403,390,341,279,384,389,342,300,345,384,351,306,273,348,340,301,274,284,313,300,277,251,284,304,292,259,230,287,299,282,244,202,289,299,275,219,157,288,299,256,195,146,276,263,214,195,178,191,205,208,198,190,199,209,205,190,176,166,146,194,204,230,266,299,328,349,355,343,327,336,353,349,326,300,278,250,219,194,169,142,229,269,290,300,325,364,401,433,451,451,441,436,456,467,448,414,384,358,322,285,258,239,214,181,151,236,282,338,380,392,382,384,405,426,440,445,440,435,449,479,477,439,399,378,357,317,276,252,236,215,200,210,208,258,281,331,394,435,441,422,391,187,171,182,231,260,222,298,328,353,394,432,431,165,216,246,227,185,249,317,383,404,398,398,391,197,217,211,193,169,277,353,408,438,425,385,212,209,196,189,165,239,299,391,449,459,445,215,200,200,201,308,344,407,472,488,461,223,231,334,408,433,459,486,270,328,444,507,489,462,350,445,540,564,514,367,452,534,581,570,366,465,541,573,573,365,468,560,590,566,450,556,599,579,395,530,602,585,321,472,592,618,567,391,554,643,625,307,462,622,683,365,526,657,686,432,586,666,336,509,642,665,405,579,680,656,460,617,688,496,633,672,509,632,645,328,505,616,612,318,505,610,601,296,488,604,604,251,446,581,596,415,552,568,408,530,538,406,523,525,383,514,522,340,488,517,482,296,452,503,469,251,402,469,446,342,428,431,299,412,448,430,267,398,464,462,338,428,447,410,263,383,421,379,208,355,417,379,311,303,399,395,333,230,353,389,342,281,279,356,345,305,271,310,352,338,289,223,321,342,297,221,159,244,306,305,260,204,150,294,299,286,220,145,293,321,270,177,261,242,152,177,205,226,238,241,240,239,246,270,281,269,254,243,227,205,179,152,183,209,224,246,275,303,334,361,373,373,368,364,383,398,394,379,359,333,302,272,246,220,193,163,177,205,260,303,324,340,356,370,391,416,428,427,425,428,447,453,442,428,411,381,342,306,276,255,244,230,215,263,286,318,360,386,389,380,373,276,244,224,218,227,255,254,198,272,314,353,381,402,411,395,189,239,265,238,184,287,352,395,410,408,398,216,231,221,208,176,239,304,373,431,450,433,399,220,213,215,208,169,248,345,420,459,473,457,231,217,211,196,272,296,364,452,493,486,223,216,229,310,371,406,452,498,496,258,256,291,404,465,461,463,296,399,505,522,464,327,406,504,564,534,331,416,499,556,571,420,513,558,557,418,524,585,578,396,520,603,609,353,491,607,641,596,436,580,651,635,358,515,638,668,413,568,669,686,324,470,601,674,397,545,645,675,480,633,700,365,554,695,726,416,596,703,702,445,612,688,664,451,618,678,449,616,665,454,623,660,447,620,657,415,585,628,383,548,588,372,537,574,521,362,536,579,523,324,510,566,506,272,456,528,483,400,491,475,357,464,471,325,444,469,420,293,427,477,444,392,471,468,324,425,447,429,243,366,417,400,321,405,399,335,261,374,398,356,316,382,369,309,239,344,368,321,284,282,353,347,319,274,300,344,330,260,175,300,321,270,205,157,299,299,282,255,197,289,324,325,260,285,312,261,240,166,169,168,168,177,195,217,219,202,191,158,174,192,211,235,262,281,283,284,296,315,339,350,340,327,314,294,272,254,236,208,151,205,245,268,290,307,322,349,373,372,365,377,397,424,440,437,420,400,372,345,329,318,302,272,224,164,206,217,248,303,338,350,359,360,355,366,384,382,370,379,410,445,458,448,431,414,383,346,323,309,299,295,287,262,208,278,327,346,359,379,379,366,252,260,274,282,254,207,164,254,318,380,417,416,400,382,231,238,230,218,207,260,334,402,446,455,425,190,193,223,217,219,290,359,411,450,477,188,225,236,200,258,314,398,447,457,463,227,231,217,183,336,371,415,469,479,248,246,252,357,429,447,458,475,300,345,445,483,456,438,343,447,513,495,350,446,522,540,355,450,522,550,361,460,538,559,369,473,559,588,565,470,579,627,610,445,583,663,665,396,556,678,706,487,642,716,699,375,551,674,703,436,589,670,360,521,642,689,427,607,710,731,484,666,745,535,690,734,358,570,700,713,371,583,705,704,364,577,700,697,348,565,690,687,342,561,685,675,345,556,667,638,341,544,639,592,329,533,631,585,305,512,630,598,467,599,576,405,544,532,352,492,504,446,319,461,502,467,296,449,521,497,426,527,515,360,486,502,457,270,419,470,446,354,438,432,299,412,427,371,373,415,373,312,309,382,375,324,329,372,339,269,259,351,356,302,262,285,342,324,276,211,280,320,292,225,177,297,318,277,239,218,310,323,305,276,225,323,338,307,236,308,294,140,147,169,198,214,218,223,233,244,254,263,261,259,260,245,222,145,188,216,228,236,256,290,315,319,322,343,367,384,397,397,388,378,362,343,330,315,288,239,156,185,241,287,309,312,309,319,348,369,359,348,372,416,448,465,461,439,418,402,391,386,379,363,333,277,198,192,230,251,287,338,363,357,341,323,362,353,351,347,343,326,279,219,180,194,246,306,349,355,359,372,318,310,278,231,204,198,205,280,351,402,416,390,361,230,194,195,220,205,229,295,365,415,442,441,167,180,232,246,209,233,274,335,382,407,426,176,234,258,230,182,300,341,386,422,423,405,237,255,240,204,324,403,440,449,448,271,270,304,398,459,451,425,292,382,454,459,409,289,377,460,483,446,301,385,471,512,501,301,392,486,537,537,400,494,550,561,410,517,574,578,400,524,608,624,367,513,635,678,478,638,734,736,421,601,734,770,507,685,761,392,574,705,733,476,635,713,543,689,733,372,585,712,731,426,630,721,489,680,738,520,702,747,505,681,730,473,644,698,470,637,686,494,661,688,510,674,675,497,662,664,465,639,668,424,608,658,582,367,560,628,554,309,507,595,538,457,567,542,405,543,556,342,507,557,519,261,441,521,495,358,464,461,290,417,438,405,385,431,405,347,435,421,373,415,431,385,350,414,396,341,360,394,360,301,266,355,365,315,254,271,336,324,271,209,273,327,314,257,206,296,341,317,262,214,326,367,341,278,206,358,372,317,313,152,142,144,170,167,171,197,232,250,251,257,273,287,299,313,315,314,315,302,279,264,245,212,158,195,235,256,258,260,278,311,334,334,335,359,391,408,417,417,413,413,408,395,379,352,317,276,215,161,193,235,284,322,334,322,305,306,330,348,337,325,352,406,441,447,437,421,412,413,414,402,377,353,338,306,239,184,158,202,241,270,305,343,359,345,347,339,342,333,289,238,208,165,214,262,306,331,331,330,323,281,233,214,213,182,184,248,315,356,370,364,212,201,216,213,176,222,277,338,382,392,382,201,226,239,225,190,281,334,373,389,386,238,253,240,208,279,345,405,435,429,393,257,246,284,364,442,471,459,423,283,350,433,469,443,332,416,465,448,330,407,466,471,350,432,483,495,343,446,521,537,341,444,527,559,352,455,547,576,453,564,614,599,418,557,644,651,385,535,661,709,504,667,749,428,622,760,782,517,689,768,416,592,709,729,464,639,713,500,667,710,563,707,712,419,634,754,727,452,666,770,731,440,653,746,711,417,629,709,672,421,630,701,658,440,657,736,683,448,681,763,689,430,665,743,663,395,621,709,652,577,692,667,529,678,680,477,652,676,419,601,649,575,346,525,606,565,447,566,558,369,522,541,287,455,498,452,395,459,425,346,442,424,382,282,425,452,412,384,477,457,414,307,452,474,423,364,437,417,372,359,393,363,307,262,348,351,299,243,273,326,312,270,222,273,313,304,266,222,276,327,339,315,271,219,316,389,384,329,347,376,341,111,138,167,173,169,174,179,185,205,223,216,204,159,180,193,198,207,234,266,280,275,278,292,309,331,354,355,346,348,350,338,320,292,252,204,161,203,242,267,279,284,287,302,327,338,328,327,348,377,400,414,416,414,419,427,421,399,364,324,290,250,197,143,184,227,273,309,326,328,319,302,293,394,388,390,400,400,376,342,319,314,307,275,235,193,140,187,229,260,283,308,327,330,306,309,291,264,241,205,182,243,290,316,321,315,283,257,242,229,191,151,212,285,339,353,340,253,231,220,210,176,199,256,314,361,378,354,218,216,210,185,248,314,365,387,387,231,223,208,297,370,420,434,413,241,320,403,456,463,440,323,403,467,478,316,388,459,489,319,391,451,482,310,404,477,492,483,386,488,532,513,384,482,541,545,406,506,566,566,382,511,599,611,467,589,636,433,575,651,645,399,565,688,710,523,691,765,439,626,752,766,516,678,739,571,697,705,425,622,720,696,479,683,756,532,733,781,559,747,782,566,747,774,573,751,761,584,755,745,588,764,755,586,773,776,568,755,757,531,710,714,480,666,696,416,628,704,659,596,712,679,554,683,663,478,618,630,382,551,613,556,285,482,593,558,408,538,522,350,484,487,430,444,482,436,385,478,460,410,307,452,491,453,399,500,489,434,307,451,481,434,352,437,428,376,370,415,371,290,371,372,305,238,291,354,326,266,226,294,323,311,300,291,272,279,348,380,358,310,383,377,324,363,128,140,166,189,196,202,209,206,203,230,259,253,237,244,251,238,217,175,184,201,223,243,272,296,296,287,292,300,307,333,368,374,363,374,392,383,353,317,276,229,183,111,143,181,230,266,275,281,292,300,314,331,324,304,307,324,341,365,392,402,399,412,434,431,399,361,327,298,272,245,204,134,179,220,257,295,313,310,303,296,375,346,318,304,297,295,293,274,229,111,170,229,268,283,292,303,273,284,287,273,229,165,141,210,277,322,330,313,277,273,249,204,142,141,187,249,309,345,348,256,234,217,185,141,166,238,302,341,359,354,212,205,197,177,192,268,343,387,388,209,198,191,245,326,391,421,419,225,274,365,442,467,444,291,370,450,489,477,309,378,451,490,490,374,457,494,489,343,449,507,491,327,429,510,517,342,443,520,540,464,563,588,558,413,557,627,612,347,495,603,623,468,596,637,454,607,689,677,419,597,723,745,526,705,781,604,747,765,467,659,746,717,528,710,754,578,753,773,608,771,775,623,769,766,420,646,778,774,444,678,800,785,457,694,807,763,442,685,795,734,422,670,783,726,407,651,762,709,389,628,738,685,586,712,680,519,679,691,458,655,705,413,629,699,633,567,663,622,480,616,624,396,564,612,327,505,571,511,454,534,490,399,515,504,443,321,478,510,458,405,492,473,423,322,463,500,462,404,498,485,433,440,477,443,394,342,441,448,392,360,424,393,310,366,390,328,254,368,355,309,286,280,352,369,359,326,285,362,378,345,297,340,358,105,120,132,139,137,136,123,146,163,185,203,209,220,233,233,229,253,282,274,257,268,284,272,245,219,188,105,164,194,195,210,237,260,283,294,286,284,297,302,299,327,364,364,351,372,402,394,359,325,292,254,217,190,94,125,155,193,250,283,279,275,280,285,294,299,286,273,283,294,299,325,356,359,352,376,411,409,377,347,328,305,282,264,229,173,121,167,210,242,268,298,307,293,279,293,284,277,281,273,245,192,100,154,215,263,286,288,288,264,284,282,244,184,126,190,260,307,326,312,277,276,248,209,165,182,243,302,339,344,225,216,200,171,190,283,347,368,358,203,202,191,210,293,367,401,188,278,356,402,416,309,411,464,452,321,423,485,481,335,434,503,504,313,415,499,518,284,380,476,509,371,469,517,492,386,494,549,537,365,509,596,597,439,578,628,359,508,599,605,365,500,604,625,515,644,691,482,654,746,739,598,761,801,473,686,809,801,542,738,804,612,774,789,430,658,795,780,449,675,795,471,687,788,506,715,793,541,747,810,548,758,816,533,746,799,519,730,775,510,719,759,494,711,757,452,680,749,679,382,616,717,684,557,694,690,507,686,701,436,643,691,356,569,658,619,506,620,607,447,578,577,370,535,566,494,493,573,524,430,557,544,466,330,499,535,471,416,512,487,418,329,471,501,448,396,480,466,409,416,464,433,374,312,422,437,374,293,338,413,383,304,241,368,402,359,312,283,378,398,381,344,308,280,358,388,356,318,295,341,342,70,88,110,122,135,147,157,165,168,163,148,135,139,154,164,171,185,196,205,223,241,247,249,268,282,267,254,271,296,297,280,252,217,185,83,116,176,217,225,230,237,248,255,252,252,269,286,282,274,300,331,322,313,342,379,382,366,345,317,287,253,217,172,116,147,171,205,261,295,288,265,246,239,232,286,285,322,362,369,356,346,335,313,282,252,221,191,120,164,206,236,250,261,284,293,279,270,246,233,233,239,214,156,145,209,261,285,285,272,235,252,236,196,149,167,243,305,321,303,229,214,201,184,154,146,219,284,337,354,185,197,205,196,147,232,315,362,372,197,205,181,252,323,371,388,221,311,378,393,386,231,344,440,453,401,240,353,463,503,453,354,468,531,513,334,442,515,526,315,421,491,496,309,415,498,508,421,514,544,516,406,527,577,562,322,474,578,591,398,533,594,414,539,614,616,418,567,674,687,529,692,762,453,643,783,802,530,733,826,608,784,823,464,685,813,802,515,733,827,541,751,825,563,761,817,595,778,810,629,798,809,636,803,808,626,790,792,617,774,769,612,771,763,601,778,777,559,758,776,491,705,745,425,656,727,672,359,613,733,697,553,716,714,481,662,699,416,606,666,615,547,627,587,466,593,590,384,560,605,544,504,594,562,412,551,558,489,485,534,475,410,501,476,400,454,481,428,368,457,457,392,388,461,429,338,422,447,369,281,437,417,352,317,430,422,397,359,319,415,422,375,330,306,375,374,361,356,386,87,76,87,100,111,131,149,163,172,170,159,145,142,157,177,189,129,163,177,169,164,170,172,182,208,229,234,238,252,257,243,244,276,310,326,324,296,257,232,203,102,106,124,172,220,239,231,214,209,206,196,208,238,251,235,223,244,269,265,273,317,362,379,382,369,341,318,287,236,184,119,151,176,188,205,248,285,280,238,194,345,349,345,332,316,287,244,216,206,175,154,206,242,253,245,238,252,268,229,200,206,232,228,180,110,176,246,290,297,276,186,215,223,209,175,136,197,271,319,311,185,200,200,185,249,302,339,336,183,199,198,280,334,354,353,213,303,359,371,232,327,393,393,245,355,435,434,246,367,468,494,248,363,470,523,248,355,455,505,355,455,496,481,351,457,513,495,341,447,518,523,431,523,539,369,503,567,550,325,456,566,594,456,575,627,444,591,678,669,551,697,742,484,653,761,762,567,730,780,456,656,784,778,540,743,823,599,795,840,629,806,832,644,804,814,415,661,805,797,454,695,816,479,717,827,479,713,822,470,702,804,456,694,793,433,687,805,771,655,803,783,599,771,764,546,736,747,487,699,748,422,652,745,700,593,717,707,521,666,674,437,603,630,574,527,601,575,447,577,592,360,529,581,548,456,548,532,373,510,516,455,464,510,460,395,497,485,414,438,490,454,364,453,483,417,318,373,478,460,364,281,420,473,414,338,314,426,442,415,396,375,393,446,451,411,353,301,439,435,402,368,423,454,79,87,92,92,76,92,87,90,89,102,133,156,164,164,158,156,152,155,175,201,218,216,193,80,123,155,165,155,151,149,140,150,185,208,208,207,217,225,220,233,277,319,340,345,329,302,281,242,178,111,126,123,124,152,192,210,196,171,161,155,147,162,193,193,215,220,240,295,348,372,382,375,352,339,312,254,200,157,147,184,197,190,186,205,233,231,186,137,328,314,313,299,258,231,218,189,105,166,229,264,257,223,198,199,212,213,231,231,197,146,114,181,250,290,292,202,222,220,194,155,211,276,309,287,194,214,207,148,212,264,302,326,311,187,145,234,309,335,333,153,237,332,373,361,159,240,334,396,397,161,251,348,409,418,255,363,438,456,252,364,445,479,249,361,444,471,370,454,475,376,471,501,473,357,462,517,505,328,438,519,526,397,514,561,542,371,499,591,606,487,602,646,456,597,672,664,408,558,682,708,499,648,726,591,715,731,506,684,769,595,771,809,658,818,821,686,818,805,465,693,802,479,702,792,518,732,798,550,760,816,561,772,833,559,771,828,544,763,810,520,756,811,477,731,815,420,688,801,763,648,781,747,596,749,731,526,705,724,452,657,718,373,595,690,660,511,630,609,409,555,571,526,486,559,546,413,537,552,331,495,536,488,441,527,493,370,515,524,459,465,538,498,422,503,522,465,419,513,503,422,447,512,464,370,469,480,402,331,448,430,390,371,362,418,443,438,408,354,293,421,466,462,423,372,474,496,476,75,96,102,100,95,84,88,92,88,99,103,97,112,147,164,159,152,148,157,163,167,179,203,219,215,209,209,194,65,77,109,131,134,134,141,138,123,132,167,186,177,173,187,202,205,219,254,292,311,320,327,329,315,269,198,142,121,138,137,127,128,149,157,141,126,124,122,114,121,192,209,253,299,326,342,352,352,350,325,268,213,161,116,150,198,210,192,166,151,158,152,118,305,300,268,238,209,182,153,89,148,217,260,247,200,156,220,217,214,197,162,114,166,223,260,264,194,214,214,164,210,258,278,257,215,162,224,266,290,301,167,253,313,322,305,180,262,333,353,328,170,262,339,374,171,259,339,377,178,271,354,391,268,368,412,253,360,425,429,278,366,427,436,391,460,461,377,477,512,480,335,449,529,535,413,520,568,401,523,601,618,380,513,621,661,474,614,680,411,574,686,707,510,656,721,441,610,721,729,529,698,767,616,768,786,683,800,777,503,712,793,525,717,775,545,730,772,580,756,776,602,775,784,610,794,809,617,808,827,616,811,822,601,810,819,567,791,817,515,755,809,463,722,800,411,682,782,717,621,749,707,547,711,716,468,666,716,375,586,666,613,485,597,568,388,543,558,507,484,554,520,416,539,531,458,512,556,492,454,571,545,452,535,569,494,444,549,528,452,486,538,493,411,496,513,445,359,393,492,464,387,341,410,458,424,388,368,409,448,445,424,393,355,457,473,460,428,385,443,489,506,484,495,89,103,107,99,91,94,109,112,96,85,92,86,107,122,121,130,153,159,147,141,152,170,178,178,181,192,198,192,199,215,205,74,81,106,120,118,123,142,148,133,129,147,153,140,140,166,190,196,205,223,242,255,267,296,326,324,280,215,161,103,139,149,140,130,131,123,106,102,113,115,100,225,246,271,305,336,348,324,269,214,157,117,134,188,209,201,173,138,116,92,66,57,286,255,219,181,164,166,77,125,189,232,226,191,148,195,175,178,186,112,146,190,226,229,195,181,168,200,228,242,232,175,231,264,274,272,189,260,309,310,287,208,278,319,325,190,285,336,339,183,269,332,344,197,284,339,344,176,291,372,381,271,374,420,290,375,424,426,318,406,459,445,402,492,509,355,469,537,536,322,433,524,558,425,531,582,400,533,612,627,500,629,668,421,595,696,704,521,673,729,446,627,738,746,536,706,776,616,754,775,480,687,776,749,538,724,766,576,736,748,608,758,761,644,788,778,660,803,781,657,815,801,660,824,819,666,828,821,666,838,825,648,837,828,608,810,823,551,775,816,496,745,812,444,703,795,723,643,770,734,571,738,742,472,665,705,364,572,656,593,486,620,587,393,572,584,496,504,579,526,418,563,571,494,517,604,556,438,590,592,493,515,581,523,424,529,533,451,438,523,486,400,465,504,444,376,458,474,437,407,380,466,489,468,435,397,352,464,495,488,464,424,380,475,497,501,480,500,102,104,98,94,106,129,134,118,106,105,102,85,108,132,139,142,149,147,136,135,154,179,190,189,190,192,188,178,183,194,186,157,100,120,128,126,129,148,162,152,135,130,123,110,115,146,174,184,192,203,210,212,224,259,292,294,262,217,168,107,143,156,161,149,126,111,112,122,124,103,77,205,252,296,313,294,251,203,152,123,135,160,182,196,197,173,128,83,61,64,76,224,189,155,150,173,126,175,202,201,189,167,125,74,133,145,111,144,186,218,214,186,161,130,163,194,219,232,228,199,173,183,229,254,264,256,235,203,261,299,297,273,219,279,302,303,282,203,287,320,307,195,269,313,309,214,288,319,305,201,308,367,356,193,298,390,422,305,400,446,322,421,478,470,316,415,496,513,383,478,520,354,459,517,518,450,534,547,426,543,579,557,361,522,619,609,430,598,667,351,528,665,695,458,639,731,547,709,766,418,616,742,763,490,686,763,567,741,761,628,772,745,669,796,755,470,699,816,775,710,830,793,708,844,820,710,845,833,714,841,831,714,853,837,712,870,846,690,857,835,634,811,810,570,768,797,516,739,799,460,705,798,653,783,750,568,726,723,462,650,697,605,580,683,614,504,658,628,505,597,634,547,498,613,584,501,561,613,559,491,618,610,513,563,609,539,454,564,542,447,505,557,493,410,544,543,472,405,524,517,468,415,521,520,473,428,389,509,508,484,452,394,330,463,489,487,470,445,439,487,397,103,104,104,109,123,131,125,121,119,115,102,84,125,141,146,149,142,130,127,136,154,171,177,184,189,185,177,175,170,155,141,130,131,131,144,165,166,148,133,117,98,96,116,135,149,162,178,187,188,198,224,241,235,221,204,165,110,80,154,173,157,137,133,132,137,142,125,93,76,233,242,234,215,186,150,136,151,176,198,193,150,107,89,88,97,100,181,164,145,149,161,183,194,196,182,148,101,64,53,68,145,184,212,217,210,192,148,99,68,144,182,213,226,226,213,204,199,177,214,233,245,240,219,199,185,211,258,288,280,248,211,156,224,277,295,293,267,146,210,269,293,287,148,212,264,281,274,232,296,307,278,227,317,359,340,217,317,386,404,232,325,412,440,330,431,487,331,419,488,507,410,476,490,393,486,510,479,360,482,546,531,457,556,563,387,537,598,554,444,584,609,370,533,628,616,481,637,682,574,703,713,441,637,732,513,697,750,599,757,758,679,808,756,493,724,832,515,740,830,514,739,829,502,738,839,502,745,849,831,754,860,849,754,878,861,757,896,863,748,886,835,701,830,782,633,771,749,575,748,762,516,736,786,454,702,786,728,637,750,712,546,694,699,451,646,704,631,599,716,673,502,681,699,609,577,670,628,439,603,635,584,526,637,628,594,628,554,497,589,555,467,544,581,523,460,469,591,586,527,454,510,586,562,492,410,505,560,529,462,413,391,491,530,509,481,454,397,489,497,478,451,427,414,438,472,510,417,106,104,98,101,109,111,109,108,111,113,100,77,118,126,138,140,128,115,109,115,131,144,151,158,166,172,171,158,140,132,127,112,126,153,161,150,143,131,106,87,86,91,105,123,138,150,161,177,198,204,194,187,182,156,118,97,133,126,133,138,148,164,157,125,102,87,70,183,181,177,174,167,155,153,165,173,152,126,119,120,129,142,129,91,140,145,190,198,181,159,134,108,96,100,119,135,150,181,209,228,216,163,118,101,91,93,152,178,194,204,211,220,208,151,103,192,210,214,208,193,181,179,196,208,198,240,274,269,230,183,154,152,220,265,289,294,270,218,170,224,258,276,284,278,164,234,272,266,259,245,306,306,240,316,347,325,236,314,355,358,243,325,382,385,326,405,442,336,407,454,468,420,464,460,410,488,496,382,496,543,523,476,560,560,409,545,581,535,315,469,578,567,395,547,598,507,632,625,413,607,696,649,482,670,726,550,711,735,631,758,741,509,712,813,542,759,847,562,776,850,570,772,835,552,753,816,532,743,819,532,760,852,527,774,885,511,783,906,867,784,904,840,751,853,779,691,788,727,633,763,728,570,756,753,503,727,758,440,675,738,671,602,702,670,518,671,687,625,635,716,676,548,706,714,639,622,697,654,490,636,655,615,563,657,644,476,627,644,562,546,613,558,465,568,577,516,496,590,579,530,544,601,567,493,403,544,567,521,454,416,511,534,513,497,495,473,520,528,511,487,466,462,474,497,535,374,458,548,354,95,85,87,97,96,86,81,89,102,96,76,101,120,126,118,102,99,113,121,116,115,132,152,155,141,130,125,117,101,132,143,139,141,143,128,101,79,74,92,105,104,107,123,147,164,163,160,158,151,140,126,107,125,148,177,186,164,138,126,112,84,136,132,130,137,149,135,121,132,151,168,192,198,163,118,101,105,124,155,156,165,160,144,149,162,168,180,182,173,194,193,171,159,151,134,139,158,162,137,165,187,201,208,195,162,141,125,101,187,182,177,177,176,178,186,183,162,144,196,239,247,219,178,154,151,159,202,227,257,278,268,224,169,175,233,255,260,273,283,266,154,229,273,267,255,267,279,164,232,290,293,256,235,292,313,292,232,289,307,297,221,293,327,316,289,347,367,314,369,399,410,321,398,433,434,391,455,466,378,471,507,501,352,477,539,540,434,555,572,339,508,597,564,425,578,605,532,643,607,444,629,691,517,685,709,576,708,706,474,646,737,706,540,716,781,568,755,819,587,781,843,604,789,834,585,758,796,549,728,780,544,744,811,553,775,852,551,800,887,544,816,909,524,790,875,488,734,810,687,784,711,631,773,721,553,735,719,485,688,707,638,700,643,561,683,669,635,684,629,553,676,656,626,661,586,527,632,612,561,582,636,603,510,633,626,547,584,625,557,490,595,572,504,532,581,550,497,558,582,541,472,544,551,506,443,407,504,528,513,502,511,496,554,565,552,532,478,533,542,554,574,460,529,594,435,68,74,89,88,73,63,67,75,69,57,109,116,98,95,113,118,103,91,99,119,120,106,104,107,99,90,119,124,131,136,120,88,83,107,114,96,80,86,107,110,98,106,118,117,116,128,159,181,177,162,153,147,112,64,55,78,90,91,101,113,147,174,204,232,220,180,154,141,69,154,166,154,167,194,200,208,229,217,167,135,157,191,199,178,180,198,183,155,146,175,188,182,178,190,213,200,156,155,155,172,194,182,209,206,169,193,227,214,227,219,228,201,249,243,221,150,202,257,263,225,220,263,275,250,207,214,262,271,253,191,260,286,274,252,301,316,278,323,348,360,292,358,388,396,361,413,427,362,438,464,468,368,477,517,514,475,577,574,378,550,621,582,460,605,618,380,555,649,604,469,639,679,543,687,685,596,701,672,485,650,712,548,703,733,574,728,754,584,744,777,600,758,779,597,746,754,581,732,746,582,750,778,595,784,815,603,815,852,597,834,887,565,810,870,521,764,820,478,736,807,696,803,723,615,757,713,539,711,702,674,710,641,598,701,674,482,651,675,600,574,655,600,480,622,607,500,553,606,539,445,580,579,513,520,597,564,494,587,605,540,539,615,572,508,579,595,549,494,587,594,545,464,568,567,515,444,527,550,531,502,481,533,590,582,547,526,536,578,571,571,576,469,531,588,626,416,541,645,425,62,59,55,91,79,79,91,98,98,113,114,91,84,136,142,142,143,146,128,84,141,169,199,208,191,131,138,173,195,206,172,207,176,226,230,193,198,245,258,225,178,187,240,263,249,211,227,255,259,245,221,255,271,273,244,269,283,300,258,313,323,323,335,332,374,373,368,341,412,430,426,372,467,498,490,494,578,567,413,569,620,580,486,610,610,399,566,638,486,637,654,564,680,656,443,618,699,651,500,667,713,560,714,725,594,734,726,599,734,728,606,739,728,620,745,718,629,754,725,632,774,761,634,794,791,633,808,808,621,816,830,595,808,835,564,794,826,526,780,835,466,741,833,755,665,790,744,597,756,737,524,727,746,672,648,731,692,528,683,696,624,617,677,611,531,641,600,493,582,601,520,490,591,562,479,543,591,540,600,601,537,577,637,587,522,623,629,576,515,636,639,582,478,628,628,558,460,600,616,570,499,599,629,576,501,571,576,535,518,502,551,592,617,511,636,715,574,157,194,227,250,214,258,260,187,221,244,239,188,202,219,231,223,219,218,236,245,233,270,261,254,277,287,298,331,314,316,339,312,376,384,372,389,343,423,453,444,462,523,512,493,424,553,576,527,499,608,589,411,571,632,492,625,627,566,656,613,456,628,683,520,686,715,579,733,737,622,760,737,641,768,731,652,768,732,666,772,729,673,781,738,670,795,764,663,799,776,649,792,765,630,786,759,615,789,768,597,795,789,552,783,813,480,738,818,760,681,796,761,634,786,764,563,762,769,696,685,743,690,569,696,690,646,691,633,575,672,627,534,625,630,554,547,631,596,516,597,631,577,530,643,637,577,614,672,637,578,657,680,640,577,681,698,648,536,692,707,631,510,690,697,622,521,575,670,672,590,481,531,609,591,515,454,463,546,578,572,562,454,607,696,721,524,696,786,229,186,222,164,181,193,193,192,196,189,236,238,235,243,236,263,290,281,290,315,321,282,330,329,318,343,382,363,387,376,369,391,395,435,426,418,405,505,509,459,498,598,571,420,576,636,499,621,616,566,639,583,458,627,662,523,682,693,575,716,708,618,742,709,659,772,720,691,791,742,707,797,756,705,803,772,702,814,791,699,816,789,682,802,763,658,786,736,638,779,723,612,774,735,559,752,751,484,704,750,697,664,750,711,631,762,726,555,734,721,644,662,689,619,577,663,622,649,657,593,607,680,632,668,667,591,611,686,637,555,664,676,613,602,695,681,636,656,717,706,665,684,735,722,670,716,760,734,644,626,755,792,728,608,662,773,773,694,600,653,732,730,668,599,673,670,592,538,634,662,602,547,704,742,691,636,775,796,483,677,185,157,169,181,237,240,218,258,268,271,265,283,285,281,292,309,309,326,320,315,327,354,333,358,358,361,371,389,368,439,442,415,407,474,557,540,480,417,569,629,580,508,630,635,583,659,613,466,639,679,608,514,676,690,554,688,673,591,699,651,639,732,667,685,764,705,709,783,738,714,800,769,723,819,796,734,832,805,727,832,798,703,821,777,673,801,749,631,775,731,570,735,719,495,683,702,637,650,707,645,621,726,663,536,689,651,556,615,617,531,559,617,548,643,613,531,634,673,612,695,686,609,659,727,667,574,712,706,631,651,733,715,675,697,766,766,725,725,798,796,747,771,835,826,681,830,880,833,742,857,854,780,731,803,808,771,672,758,787,735,631,748,786,699,650,797,800,693,497,725,828,805,571,743,205,251,250,252,263,267,280,282,289,304,315,319,325,342,373,387,382,376,385,402,435,442,493,474,443,422,416,545,594,555,477,508,638,659,593,482,603,699,680,590,480,664,730,682,520,695,734,561,707,702,598,713,663,636,728,655,671,738,664,689,748,680,697,766,715,716,791,754,739,815,781,747,835,799,736,843,804,707,829,788,656,793,758,585,740,727,504,688,707,635,661,714,633,633,731,650,551,699,653,630,633,534,575,633,555,658,613,512,654,672,594,593,704,688,606,682,748,689,588,738,733,654,666,756,740,690,721,801,796,743,774,848,839,785,666,830,890,886,738,885,940,922,796,920,938,878,791,879,894,856,732,833,877,839,701,827,864,532,727,840,827,581,764,832,803,624,760,255,278,290,297,322,341,333,348,378,442,411,386,389,413,509,549,515,457,414,407,491,624,660,619,531,440,598,714,725,664,560,668,756,737,651,536,710,767,593,745,760,640,771,741,669,775,714,692,761,676,697,745,649,688,740,664,692,750,700,706,764,723,720,788,742,727,815,765,711,818,772,662,787,751,590,740,728,514,701,724,652,679,740,662,647,754,684,575,739,711,595,694,718,616,632,708,629,692,650,542,661,679,601,705,694,614,688,764,716,752,763,689,660,769,763,699,724,812,789,722,784,829,802,673,804,841,850,715,841,908,944,769,906,973,964,796,917,957,919,759,863,897,544,713,815,829,560,714,771,755,594,704,750,745,611,716,268,310,295,320,367,371,361,385,432,486,473,473,489,565,615,619,597,563,528,552,666,703,691,648,597,627,713,720,678,616,535,681,731,707,643,609,741,757,705,665,789,777,696,800,755,724,791,706,724,768,664,695,741,659,671,724,675,659,712,677,661,722,682,677,757,710,676,776,728,639,761,722,585,740,721,531,725,739,646,702,758,679,655,767,714,583,764,756,651,737,781,688,675,768,699,727,699,595,671,706,639,714,717,645,683,776,744,755,791,721,650,786,788,715,732,821,776,695,771,775,718,631,713,715,728,617,710,778,866,667,807,924,992,742,894,969,955,751,847,868,559,695,753,741,563,654,659,635,561,603,627,458,563,391,477,541,568,630,679,558,615,660,700,729,548,617,650,664,670,678,620,654,654,643,620,595,591,698,706,683,652,605,654,755,746,706,656,698,778,739,674,733,784,707,726,766,686,735,657,718,636,701,620,693,669,625,713,688,629,736,707,610,745,718,580,756,740,546,762,774,642,740,792,689,684,792,731,780,775,678,745,799,726,677,791,748,752,753,650,683,748,686,727,745,673,670,786,768,755,815,745,648,811,820,744,754,851,806,721,786,784,711,665,614,683,667,665,554,634,699,798,589,735,875,980,688,859,960,732,836,859,573,699,738,715,590,653,640,584,596,586,508,582,512,560,678,566,673,769,559,628,698,752,584,618,657,679,682,544,644,662,674,686,673,615,705,707,703,693,657,668,735,710,680,646,708,751,690,628,576,696,734,674,608,547,653,705,673,619,548,632,700,681,625,546,623,701,681,619,547,609,698,679,618,553,604,704,690,618,538,606,723,710,613,508,599,747,735,615,487,579,764,764,629,483,767,791,659,508,751,811,706,565,700,811,753,635,784,785,701,726,795,752,644,783,781,697,740,784,705,660,764,724,721,762,695,642,784,780,680,741,821,762,629,807,826,763,735,844,830,771,772,814,777,735,601,712,739,750,569,694,783,855,620,793,921,990,715,891,994,1009,765,897,933,612,777,831,803,662,750,743,681,704,661,593,679,547,527,655,551,635,712,606,656,709,736,627,671,708,732,668,688,699,699,638,694,670,645,633,639,687,647,608,587,604,661,640,607,584,652,645,619,590,583,659,649,625,609,585,672,659,631,616,587,686,674,635,601,709,696,633,570,729,719,635,546,723,729,644,542,705,731,656,557,690,753,693,599,771,739,650,735,748,686,658,733,718,712,744,711,669,743,722,593,721,729,676,681,749,716,605,755,767,711,708,788,758,591,753,776,741,650,753,773,768,676,768,810,548,719,826,895,614,811,940,992,722,925,1029,1046,812,988,1076,1075,861,1023,1068,688,909,990,950,757,882,870,766,792,714,631,624,716,687,737,647,600,591,586,574,580,584,573,590,582,601,608,617,633,618,642,606,576,631,600,559,615,604,573,634,631,600,651,599,624,578,595,594,589,631,571,645,637,661,611,670,665,555,681,693,690,659,724,718,701,725,713,590,681,715,744,606,719,802,517,722,861,948,652,872,1003,1054,787,993,1091,1098,888,1068,1141,689,949,1109,1142,752,992,1077,1037,807,941,918,769,784,592,525,563,575,582,586,579,648,649,653,675,717,713,597,715,748,747,647,750,773,733,802,803,651,815,879,905,761,932,1013,1025,887,1053,1105,717,971,1096,1108,789,998,1057,1016,821,930,896,767,751,751,560,464,563,566,612,684,685,735,778,724,683,785,721,575,722,703,578,613,710,682,639,695,810,835,813,836,949,958,718,927,1002,997,801,961,983,833,895,826,751,608,663,749,756,680,663,638,460,623,566,615,705,675,751,792,785,788,799,743,662,596,535,591,604
Talonavicular - Navicular,538,584,556,578,580,520,589,519,570,435,500,540,439,472,437,441,339,293,168,130,112,120,166,222,207,265,206,247,187,178,601,580,609,580,624,601,647,650,550,628,660,626,543,626,638,570,481,542,606,596,519,452,501,566,600,561,423,504,586,602,542,397,490,574,590,535,330,384,470,541,564,339,382,449,506,540,363,386,423,468,371,378,392,428,361,366,365,373,403,368,374,373,382,401,371,384,398,415,368,392,427,453,372,401,440,376,400,429,371,385,402,347,360,368,306,313,330,341,263,279,294,312,214,235,252,272,178,199,229,257,174,212,262,290,176,248,310,327,168,252,310,318,173,233,271,279,219,242,257,216,251,286,224,287,307,553,602,590,618,574,612,623,635,574,588,600,548,574,572,580,583,611,607,552,613,655,660,515,583,642,684,688,517,588,653,689,676,438,489,554,627,659,409,450,480,529,592,609,404,454,490,535,573,324,374,416,467,528,556,321,343,367,423,494,530,318,318,340,396,462,316,309,305,334,388,439,316,307,309,337,377,315,308,312,333,364,320,312,313,330,366,325,334,329,323,335,377,316,337,333,325,345,392,290,316,321,329,370,248,294,321,346,399,242,291,323,356,402,290,317,334,365,394,331,338,345,376,387,342,345,352,382,378,325,347,366,387,369,288,327,358,376,269,296,323,351,268,289,323,365,240,283,350,401,262,345,398,387,250,316,360,362,257,291,329,343,258,270,320,357,249,264,339,401,262,358,433,425,227,336,418,408,164,273,358,211,585,565,555,556,544,532,534,573,561,551,542,586,595,500,561,598,622,485,534,568,597,512,534,545,576,489,531,541,544,443,509,561,585,591,463,531,589,628,423,496,552,600,639,350,435,499,545,588,625,306,363,425,466,508,559,321,378,421,444,478,526,306,336,385,418,437,466,309,345,373,387,407,444,287,319,349,353,350,369,306,330,344,338,337,358,311,324,328,326,337,362,295,306,308,309,313,332,300,312,299,296,304,328,319,324,302,292,304,336,329,335,320,306,313,346,330,339,328,312,315,350,312,314,307,300,316,271,264,280,291,318,245,241,269,283,310,276,279,284,287,313,326,327,299,293,321,363,356,309,299,325,360,356,329,334,352,325,335,344,364,376,315,337,351,368,336,360,375,395,330,349,392,436,435,296,314,381,437,436,277,307,371,414,420,330,368,397,418,345,349,372,413,344,336,358,418,442,331,362,434,469,292,331,414,462,264,355,411,378,213,297,341,313,549,565,571,582,581,548,585,584,578,524,572,590,587,579,530,575,601,612,445,512,561,603,406,453,504,551,595,434,459,478,508,549,461,488,493,510,402,455,491,505,528,345,390,441,493,535,313,352,395,440,497,556,289,320,381,421,448,488,282,342,414,443,451,265,292,369,428,442,444,284,274,316,386,422,427,300,311,349,392,408,303,311,343,374,387,387,317,328,366,385,379,368,344,343,349,371,381,373,356,351,351,359,368,368,342,340,344,347,357,359,335,326,339,350,344,345,314,329,352,358,340,330,320,340,357,357,339,328,340,346,357,353,335,330,353,350,351,335,318,322,371,350,321,298,298,310,405,348,286,272,291,304,421,352,294,287,298,309,389,350,328,314,299,308,340,345,355,332,298,302,317,342,354,329,302,310,327,350,342,319,308,320,362,350,335,325,329,370,373,375,371,366,359,372,392,414,413,330,347,385,429,429,315,341,398,445,434,366,423,457,450,382,427,446,454,371,425,442,457,465,430,449,468,490,404,422,445,480,369,398,440,444,342,379,412,403,348,388,404,377,524,482,514,539,499,517,545,564,514,556,574,584,582,559,607,618,601,517,582,629,643,447,514,572,623,370,424,486,543,599,364,380,413,468,525,396,415,421,434,478,364,392,431,451,465,501,327,326,357,406,449,484,317,318,334,375,435,320,333,338,340,363,306,321,351,371,369,368,306,301,326,374,409,402,288,296,336,398,433,295,287,306,354,408,331,311,309,340,379,405,345,326,337,381,404,353,341,331,359,409,414,364,350,344,370,400,395,400,375,365,373,376,419,420,393,383,384,378,382,405,394,398,411,401,336,371,383,405,423,323,353,375,395,398,350,372,385,389,373,391,403,404,392,362,432,428,404,370,341,467,452,391,328,310,465,449,384,318,302,418,399,367,333,311,367,345,343,340,321,336,324,333,335,319,323,332,346,337,314,318,347,363,348,321,321,360,372,359,347,356,365,364,372,370,336,347,363,389,389,325,343,378,420,416,317,361,417,461,455,371,446,490,486,376,452,503,507,478,462,505,512,496,449,482,492,486,464,439,468,470,456,422,476,485,461,442,503,511,474,528,523,474,531,576,459,503,554,455,493,546,591,476,485,519,563,499,537,559,576,471,543,606,633,437,500,575,637,396,442,507,571,625,350,377,424,487,544,353,357,375,413,473,392,380,393,408,434,374,362,375,411,442,465,363,334,324,346,395,447,370,354,334,322,330,371,335,352,363,355,344,291,319,359,386,387,312,293,332,372,397,349,310,306,345,377,399,343,310,317,354,377,405,367,332,335,370,397,377,352,364,400,401,371,352,346,386,412,365,334,341,388,443,435,394,356,362,417,446,433,398,397,389,436,447,424,427,380,417,429,420,436,355,392,409,409,411,425,351,394,413,418,426,326,378,422,443,448,315,384,443,460,439,333,416,472,474,423,364,361,425,461,463,418,354,404,422,419,415,402,364,447,426,389,377,380,364,444,409,369,364,371,359,373,350,360,375,362,347,343,363,380,363,326,340,370,377,355,314,334,367,365,346,336,338,355,351,344,340,340,349,362,374,317,320,364,407,422,313,387,455,475,343,420,486,505,471,402,464,503,503,470,485,496,486,462,413,463,472,469,428,438,482,503,464,517,545,503,426,554,565,513,429,494,534,493,544,582,453,494,550,604,445,457,493,551,460,470,484,521,433,475,523,563,591,420,453,516,594,644,404,438,493,567,632,378,402,445,509,575,349,365,399,448,502,364,349,367,407,458,387,371,366,393,435,370,361,356,373,417,391,367,345,345,371,371,395,374,360,363,378,328,350,373,379,393,401,335,330,354,385,413,401,349,337,366,398,438,400,358,360,391,431,388,357,373,400,442,424,388,357,368,441,426,412,391,369,451,417,391,375,375,460,452,414,371,355,412,431,415,377,361,374,410,426,414,394,378,420,448,450,349,410,452,467,457,366,437,477,471,444,361,427,464,460,443,332,376,412,442,456,300,329,381,443,466,283,327,398,463,478,298,348,414,461,472,355,381,419,441,443,417,424,431,431,428,433,434,421,415,425,403,403,390,391,412,380,380,382,399,402,381,378,375,386,382,396,366,354,366,355,416,367,347,353,336,380,355,349,336,369,345,340,349,356,334,325,331,365,396,316,347,398,432,426,327,387,447,460,425,426,485,475,426,368,437,481,474,447,404,445,469,489,467,481,537,523,437,514,571,545,451,524,571,541,451,478,499,515,457,491,521,553,462,478,506,541,582,469,488,519,556,463,482,517,560,437,448,472,523,587,436,461,472,514,588,390,439,474,512,570,351,382,424,468,523,339,346,379,428,479,351,344,352,387,447,358,350,356,370,407,379,356,353,365,389,374,385,368,367,384,325,375,400,389,397,341,360,394,410,412,435,393,404,410,407,422,440,429,426,419,413,500,468,439,427,430,479,474,455,427,414,448,443,436,410,392,460,448,445,441,416,453,446,443,438,424,426,429,433,426,413,397,404,419,413,395,393,404,416,415,397,404,436,449,446,369,410,475,503,488,357,415,496,532,504,365,416,485,516,491,356,390,437,467,473,336,349,384,430,471,331,332,370,436,487,341,339,379,450,495,381,376,394,447,482,429,423,417,443,469,437,437,425,431,456,421,418,406,410,435,416,402,398,406,421,411,421,419,408,448,450,416,385,365,475,452,398,369,358,442,415,381,374,369,366,372,378,372,344,329,363,372,357,343,338,355,353,358,307,334,372,406,396,322,393,450,429,356,324,382,439,434,387,344,388,425,439,414,359,440,499,482,372,480,542,505,378,488,540,498,470,515,471,474,505,507,514,492,525,540,558,484,510,542,563,476,501,530,568,475,496,523,568,492,506,520,563,625,420,493,530,535,557,611,358,423,499,535,552,338,346,402,467,506,337,327,346,396,454,345,329,341,368,411,380,342,345,371,397,400,383,364,377,405,343,368,383,387,410,324,328,367,399,413,337,353,380,413,433,365,401,445,462,455,442,418,431,469,480,501,489,461,447,462,481,475,472,465,452,457,449,459,466,447,454,443,455,483,490,431,429,452,483,434,421,426,447,464,443,435,444,458,468,467,474,475,465,469,482,502,502,415,426,458,511,537,367,386,432,507,552,370,393,440,510,391,403,445,504,392,392,429,484,403,400,425,470,419,415,424,459,415,425,428,450,413,446,449,447,427,456,456,440,447,455,449,432,433,480,466,449,432,435,473,456,450,447,462,474,479,454,446,477,471,428,390,401,426,407,379,380,343,350,358,378,300,344,377,386,366,305,350,385,386,360,338,354,362,371,373,321,316,331,380,416,300,306,351,395,378,292,302,333,357,367,284,276,305,364,421,266,316,398,457,324,418,462,451,335,435,463,437,481,450,466,496,522,529,552,485,523,561,578,460,503,545,588,445,497,539,579,623,491,525,557,589,629,499,546,576,601,639,417,469,527,563,582,611,397,407,466,525,550,561,390,372,386,441,490,353,346,354,386,435,370,344,340,368,412,403,388,364,371,408,378,400,404,404,425,373,356,378,409,439,397,366,354,381,421,428,381,380,397,427,468,423,391,409,450,465,441,422,436,478,465,455,456,454,457,469,440,438,458,475,452,426,443,479,483,422,417,461,509,441,410,420,470,444,439,434,450,484,463,471,477,492,493,510,516,525,452,497,520,525,536,429,455,476,490,522,387,401,425,454,371,399,434,473,391,425,459,505,410,425,453,507,424,429,458,505,443,450,469,492,435,442,456,474,400,425,455,476,390,442,475,482,421,477,494,487,469,464,510,513,494,475,524,514,487,471,486,478,474,478,405,427,459,468,337,384,419,413,382,354,373,366,358,350,363,374,378,374,353,359,385,392,380,350,376,379,370,363,353,371,361,356,377,364,351,343,361,368,349,347,336,335,333,325,331,323,317,309,320,287,292,296,319,367,264,302,337,374,262,344,391,404,397,461,452,421,447,468,501,489,503,520,545,474,510,539,566,428,481,530,570,607,456,485,531,577,619,491,537,573,608,646,472,517,564,610,653,469,487,510,540,581,490,465,461,478,496,508,440,458,454,450,469,483,365,393,418,438,455,359,392,398,404,429,353,401,428,427,423,381,381,416,452,470,433,406,391,419,466,475,438,409,406,433,504,472,427,416,438,509,496,468,436,440,488,473,465,458,469,466,436,436,458,475,495,424,399,423,467,486,416,408,450,501,454,413,425,474,446,434,421,444,428,447,454,458,482,453,481,494,501,465,505,526,528,470,517,542,540,455,468,505,529,529,438,443,473,503,395,411,462,514,366,402,471,536,387,413,463,523,435,428,457,509,471,453,473,510,486,463,466,490,455,439,447,480,385,415,463,503,341,422,496,526,356,443,513,532,522,465,515,523,504,470,489,486,477,436,427,433,457,387,375,399,433,437,382,404,415,404,417,421,416,401,439,412,398,395,377,398,387,397,383,388,409,424,400,379,407,432,407,385,377,346,393,389,379,373,331,348,352,355,333,290,312,324,310,288,242,290,317,319,310,292,348,381,381,389,360,442,464,454,456,529,519,428,464,480,492,505,509,522,490,518,536,554,472,503,534,560,497,521,548,581,440,494,544,583,614,441,464,501,550,608,485,468,470,484,518,539,535,507,474,461,471,453,502,535,526,484,465,370,429,481,520,526,357,397,456,491,499,399,394,438,495,513,450,434,422,461,518,454,457,442,441,479,468,458,441,437,464,478,470,454,435,449,504,476,468,464,458,495,470,473,484,496,454,443,466,495,524,461,422,426,465,514,462,436,453,506,486,461,457,481,459,454,453,466,485,460,467,474,489,495,488,507,515,480,489,524,543,467,485,535,562,482,480,504,554,579,480,484,503,552,465,445,462,531,444,402,428,519,451,410,435,516,489,444,448,509,522,472,463,508,531,495,479,498,505,483,469,483,431,424,441,488,348,373,435,507,328,371,445,512,533,414,457,507,523,472,469,496,505,496,464,460,466,470,434,417,427,448,418,408,417,427,433,424,423,421,471,449,421,408,393,470,424,407,405,441,416,423,436,410,367,411,438,419,302,364,396,389,377,316,344,344,350,360,295,316,341,361,344,260,321,369,386,374,349,410,431,430,421,400,451,489,502,419,516,570,565,360,499,601,600,444,554,496,474,429,466,498,511,511,461,496,520,531,462,484,510,533,461,493,521,542,571,441,475,524,568,597,441,433,448,480,536,601,501,473,451,450,474,505,525,531,514,474,456,446,482,514,547,548,503,409,423,474,518,552,557,446,418,442,503,540,492,468,443,477,539,490,499,477,460,495,464,474,474,470,480,455,455,452,448,469,452,437,442,446,452,494,444,428,444,464,496,451,441,467,522,478,451,456,491,497,460,455,478,528,503,479,487,536,532,515,500,510,540,526,507,500,538,525,513,510,531,526,530,543,511,505,522,558,512,505,523,565,539,541,555,587,555,565,566,573,566,562,534,539,571,539,485,495,576,527,477,493,572,528,488,499,554,526,490,492,529,518,495,496,504,506,494,499,470,475,471,489,429,428,445,486,415,442,490,527,466,465,487,517,526,491,478,505,531,486,456,474,449,422,432,443,420,404,407,416,426,420,409,407,450,457,433,412,400,481,458,420,408,460,439,398,402,420,384,357,374,412,349,345,354,380,391,353,348,350,360,364,347,341,340,354,378,331,352,385,420,426,373,430,468,468,440,424,473,489,484,473,350,420,479,516,530,345,442,526,570,551,378,493,555,534,433,484,517,489,428,458,487,516,520,454,487,530,546,439,465,497,535,559,431,453,484,514,545,442,448,472,515,559,474,457,447,452,480,538,484,483,471,453,450,480,505,490,486,502,506,481,482,478,484,489,517,537,486,443,453,488,505,526,512,477,440,463,511,509,507,479,458,490,499,512,498,479,473,458,495,500,484,484,439,453,484,491,487,457,421,432,471,496,446,405,419,467,504,457,423,431,512,493,472,456,464,488,481,480,490,505,507,501,503,544,552,541,532,530,570,580,566,540,572,582,577,536,554,571,500,530,547,570,520,557,581,595,580,611,633,631,637,648,654,640,650,637,620,630,601,573,606,575,556,571,573,554,550,520,526,528,535,485,493,508,523,485,501,522,488,503,525,496,502,523,538,520,512,524,538,554,541,531,530,571,555,520,509,557,527,475,464,477,421,413,443,426,397,397,420,402,413,422,428,444,454,449,427,445,457,454,438,413,432,421,402,404,405,386,360,372,401,394,367,361,387,425,394,362,372,389,407,369,364,383,406,390,382,394,413,406,413,427,450,439,413,447,471,468,426,363,425,465,481,463,366,437,489,500,469,371,461,510,492,396,462,463,426,387,399,506,525,535,472,501,532,561,467,500,532,563,428,447,480,511,538,455,457,469,501,541,579,493,489,480,473,475,506,496,499,500,491,477,470,552,516,494,492,504,504,542,516,511,508,502,513,539,504,473,493,515,513,524,512,479,461,485,508,501,482,472,476,470,504,497,478,479,429,458,504,513,500,470,440,464,513,538,467,438,465,522,500,451,425,457,508,478,456,443,466,473,456,465,482,491,427,433,465,504,480,464,474,495,523,528,542,557,557,560,591,612,608,556,571,595,620,548,572,588,608,525,577,605,503,540,606,650,591,612,654,686,677,680,680,682,709,695,667,649,693,670,641,623,637,620,610,609,555,555,572,490,503,546,471,484,533,490,494,529,567,517,514,541,573,536,537,559,580,553,561,574,584,567,577,582,585,567,570,559,553,546,505,482,495,517,460,421,440,476,434,407,426,440,429,430,457,464,449,455,483,496,452,438,459,488,397,414,442,444,382,398,404,407,417,407,404,407,450,436,414,402,401,467,420,387,384,479,433,394,375,375,441,419,395,392,405,424,427,430,436,417,391,435,456,457,443,402,449,475,483,453,394,458,502,491,420,389,456,473,431,373,381,416,416,391,349,400,546,541,528,544,548,485,516,539,552,427,465,497,530,556,571,443,466,488,513,551,589,505,509,508,507,506,515,550,512,521,539,539,524,508,559,526,524,532,533,517,555,560,549,554,553,542,546,537,515,519,549,559,542,537,508,493,503,505,516,500,483,492,459,468,491,492,490,484,442,455,497,526,493,461,477,529,533,494,475,502,556,513,482,475,512,556,511,487,485,499,475,453,469,508,459,423,433,478,465,465,487,520,519,535,557,580,574,588,611,637,592,606,604,616,599,614,616,624,566,600,633,651,554,594,648,630,614,632,666,702,696,690,681,725,733,719,687,692,713,710,686,625,647,657,660,557,558,583,617,519,509,546,602,516,514,547,603,532,544,561,602,545,563,572,606,546,559,576,615,535,546,574,618,539,568,609,528,546,570,505,505,499,505,486,471,447,448,479,462,440,446,473,452,467,493,488,462,473,514,481,454,444,487,426,408,445,484,400,403,428,453,426,431,431,439,447,436,421,430,433,447,428,418,416,459,448,421,403,384,458,437,409,382,372,441,425,400,391,421,432,427,415,406,397,431,446,445,436,402,384,445,476,481,449,379,442,478,463,397,332,376,438,454,429,390,338,404,447,463,444,397,474,546,554,546,492,526,544,541,440,475,509,537,559,568,477,486,510,528,553,587,529,537,540,544,545,542,550,533,554,574,577,565,596,568,547,556,564,561,569,572,582,584,559,536,528,553,590,564,554,527,521,501,517,522,524,469,458,479,511,512,462,459,495,548,504,480,494,557,519,494,495,609,560,513,495,512,600,555,516,517,573,548,523,514,513,505,514,534,485,501,529,559,517,550,589,540,582,601,628,608,633,628,638,637,653,664,651,643,650,665,669,634,624,643,666,660,636,645,709,689,686,719,719,720,635,666,690,713,568,594,629,671,562,551,573,627,581,552,565,621,589,575,591,637,584,586,607,640,574,595,625,550,568,608,520,543,597,486,520,584,636,454,491,551,600,438,458,493,527,454,446,445,463,457,440,453,476,494,470,468,498,542,507,480,503,506,481,497,520,459,458,477,510,400,420,448,487,486,400,435,459,458,411,439,429,422,427,441,414,403,423,424,413,422,422,450,439,428,412,379,458,441,407,368,343,450,417,373,346,420,406,392,382,386,346,388,423,437,441,412,333,407,452,478,453,369,362,447,500,485,417,362,437,506,513,478,434,395,508,505,480,442,455,531,505,527,531,519,524,529,542,549,575,558,553,556,554,566,562,582,594,587,583,583,578,576,575,582,598,602,603,572,590,582,577,589,550,558,563,570,589,559,563,540,533,556,531,564,566,552,542,493,497,521,549,568,530,481,468,490,536,584,520,481,479,505,578,542,507,498,516,589,545,513,501,522,605,562,518,515,614,628,591,543,598,606,615,594,589,584,597,603,561,552,569,603,534,554,583,619,566,601,620,608,630,654,653,668,679,681,689,687,681,695,678,662,660,693,667,650,654,689,679,676,682,672,683,698,708,617,640,672,561,582,626,558,563,606,593,591,624,618,620,650,608,612,647,577,572,611,547,533,574,623,508,498,551,621,466,464,533,619,445,439,502,591,437,469,534,474,468,487,527,490,477,492,564,526,499,509,562,526,525,552,516,526,553,478,455,493,549,393,436,503,528,374,408,461,493,426,450,458,448,451,450,432,436,440,426,431,445,441,444,439,440,417,463,458,438,403,352,463,448,405,350,439,438,412,370,338,385,391,394,385,391,316,361,394,430,465,439,292,381,467,517,483,384,361,483,546,519,443,388,456,528,526,480,436,401,350,482,447,421,407,369,356,513,510,561,552,543,536,624,614,600,592,581,581,620,641,635,625,624,538,564,595,626,644,641,552,557,571,594,615,632,546,563,550,549,566,518,557,559,541,531,488,527,559,570,567,496,496,518,548,579,547,505,499,514,540,586,540,501,500,522,552,524,509,521,576,536,525,535,597,587,564,548,572,591,613,599,614,616,629,618,667,650,642,645,656,640,649,656,654,626,631,650,628,626,649,663,646,656,674,662,676,680,684,686,695,688,678,698,690,677,679,665,665,648,645,653,678,614,618,651,696,579,589,633,685,546,570,614,666,540,577,619,666,576,608,640,673,621,628,645,673,635,611,619,663,619,577,578,634,595,551,547,606,569,524,522,591,504,503,581,509,487,554,534,485,522,587,582,523,522,557,635,581,550,552,603,566,554,572,552,542,554,526,512,500,541,447,432,506,559,389,384,466,546,382,394,454,517,437,472,498,505,471,490,487,490,485,476,471,469,480,461,462,466,458,464,472,466,447,410,456,459,439,410,417,427,421,387,354,394,422,411,377,325,362,375,379,404,257,307,368,438,478,438,240,344,450,509,483,412,304,434,525,521,459,401,353,514,524,457,394,351,313,473,398,347,338,329,282,545,547,612,618,612,607,548,576,617,653,667,543,551,592,640,673,594,560,563,604,642,536,596,596,564,555,576,493,544,582,580,561,496,543,580,592,484,506,551,592,519,494,521,567,560,513,494,527,565,529,508,514,587,546,527,537,556,556,567,584,575,562,584,606,663,637,613,618,701,683,669,653,738,705,698,704,716,697,709,695,682,682,710,664,661,674,703,656,662,680,663,676,684,693,692,698,695,692,693,686,676,682,657,648,658,610,610,648,577,591,639,563,592,644,557,597,657,583,612,662,632,628,649,662,622,626,660,605,608,643,592,598,635,584,592,654,595,589,681,614,579,619,696,630,568,589,660,589,582,685,621,592,650,606,577,578,566,552,535,548,519,492,498,501,453,447,514,466,422,419,506,424,434,503,547,460,477,514,541,514,533,542,542,514,528,537,542,495,517,525,509,472,494,506,488,449,460,471,453,423,395,400,398,400,409,340,386,423,415,293,353,388,390,383,281,313,337,373,413,420,227,273,337,412,462,447,207,292,406,503,515,458,383,417,534,549,473,384,317,518,516,431,351,306,285,351,297,285,292,290,567,570,547,557,595,631,576,555,580,634,592,649,639,592,576,611,593,646,642,606,587,539,593,634,633,610,509,527,586,631,636,536,505,529,591,639,599,546,521,550,609,613,584,539,529,568,560,538,526,546,540,522,528,554,545,521,529,569,616,574,541,562,668,631,600,607,707,686,671,662,715,701,707,697,713,720,743,679,689,711,661,663,691,672,662,658,687,702,686,678,713,704,690,713,701,680,684,692,679,669,645,650,649,658,600,616,627,646,576,596,616,647,561,576,602,650,580,589,603,632,634,622,684,679,641,714,700,649,635,718,693,643,644,718,690,641,651,730,712,661,658,729,675,650,725,674,637,725,690,647,708,695,655,619,644,621,597,581,575,564,564,563,534,531,572,573,520,515,570,520,512,546,557,525,509,540,540,520,537,539,553,541,555,571,543,564,596,586,518,539,580,587,503,535,544,504,480,487,490,460,412,447,440,416,396,381,390,385,396,412,388,348,383,403,401,327,352,365,384,388,246,277,306,349,398,422,212,255,320,404,476,489,328,434,521,538,479,384,453,523,518,454,372,314,288,474,446,384,324,298,304,306,310,275,280,310,527,599,561,571,669,666,631,604,603,644,682,686,663,603,608,651,684,689,621,578,592,643,678,603,569,587,643,650,609,584,606,658,632,598,596,594,590,578,580,563,546,537,557,558,526,534,577,604,565,534,557,638,617,594,581,642,625,634,640,638,649,656,688,646,671,699,628,655,678,709,645,659,674,703,691,673,671,701,718,688,669,686,708,690,663,691,708,695,711,716,703,692,700,698,649,666,676,612,624,643,578,586,614,580,592,611,591,617,628,626,673,671,651,729,709,673,753,717,677,737,702,669,710,691,666,699,685,661,701,682,658,652,696,685,673,663,667,671,667,618,633,647,577,609,628,622,621,627,600,634,641,601,581,636,663,623,604,674,634,595,667,629,577,561,618,579,580,598,584,601,619,577,570,595,630,596,548,567,594,578,538,549,536,487,515,520,506,467,419,482,476,453,433,411,412,423,433,436,411,354,389,407,408,391,309,343,366,387,391,298,340,389,430,450,344,417,480,519,519,460,436,511,542,529,474,386,318,486,502,479,429,361,318,317,407,370,321,299,319,322,275,213,647,642,672,703,718,699,657,664,695,721,694,659,663,687,724,699,664,665,734,728,699,676,714,692,671,672,640,644,635,639,590,588,592,610,591,572,557,577,579,556,552,587,566,570,583,615,575,570,611,609,588,608,642,638,635,658,663,665,672,671,671,686,688,690,677,684,682,694,680,648,673,675,662,681,687,728,722,718,715,750,743,732,730,697,710,710,715,635,656,661,591,607,616,578,593,614,605,611,634,670,655,660,745,717,694,778,749,711,688,742,720,691,682,679,668,657,658,651,642,642,669,654,649,689,672,666,686,667,662,657,656,641,640,655,632,647,665,639,678,680,643,629,694,693,655,694,708,672,696,713,666,619,696,641,593,654,627,600,597,609,627,633,649,623,644,673,660,598,622,657,659,586,624,631,586,589,604,575,511,538,561,546,511,471,478,481,489,496,476,404,437,474,488,458,362,404,443,455,427,340,391,436,456,438,369,431,490,515,507,417,509,569,575,542,468,476,550,563,532,472,390,316,487,472,441,380,317,295,418,404,342,281,273,374,304,251,337,660,668,694,732,711,704,782,769,739,718,790,790,775,755,759,763,743,735,657,703,699,683,621,638,648,653,588,582,592,626,583,571,569,589,579,571,593,622,577,582,620,673,640,598,606,710,683,646,738,706,678,752,733,700,688,735,714,693,693,691,690,657,654,670,685,686,675,683,762,744,725,804,789,755,777,776,754,719,725,718,664,665,673,640,636,656,649,641,666,682,664,677,713,693,691,733,711,707,728,702,704,701,676,680,672,664,668,667,685,684,676,721,709,693,738,717,697,721,706,693,682,701,704,691,715,733,713,715,743,715,697,730,702,661,725,694,641,707,686,619,568,642,659,621,595,630,649,662,654,613,667,702,716,637,680,711,677,567,633,676,675,580,642,663,619,591,625,604,553,507,544,548,550,537,454,480,523,555,538,429,471,514,531,497,409,441,484,499,464,381,434,482,501,475,376,442,518,559,547,498,381,490,576,598,558,485,515,553,539,504,440,481,492,487,429,347,462,458,394,330,317,409,357,318,603,718,756,768,768,771,776,780,785,786,775,758,758,723,753,732,707,627,667,684,683,594,603,614,631,602,593,604,626,659,623,613,626,688,652,640,750,724,687,665,779,753,713,789,795,751,711,804,782,732,765,777,748,715,749,735,714,701,733,713,700,745,727,708,776,761,729,772,803,792,752,770,806,799,765,752,779,770,725,733,717,715,707,688,720,706,696,704,696,700,670,669,684,702,681,675,684,707,732,718,707,721,739,714,713,719,703,699,707,716,711,728,753,736,736,770,750,720,753,750,736,719,747,749,685,748,759,728,649,735,745,713,716,720,683,702,720,683,633,721,707,648,683,714,675,612,629,711,718,697,704,747,756,722,650,712,739,739,626,684,716,688,523,620,684,698,528,616,655,630,519,577,597,588,496,552,597,599,434,502,569,601,568,452,505,551,561,513,419,474,516,513,470,392,436,467,495,492,451,410,493,555,562,520,456,539,581,568,525,471,531,553,547,497,490,523,526,479,495,476,431,404,736,756,775,780,788,777,765,725,771,778,753,688,719,720,707,642,651,660,664,686,652,633,637,726,680,651,645,790,762,724,693,813,792,764,808,821,798,768,815,820,781,765,812,801,755,781,789,761,783,763,728,771,751,720,750,759,745,719,746,755,743,759,772,759,786,803,783,798,808,781,780,780,751,761,761,736,743,754,747,705,720,738,671,676,706,698,688,706,765,750,741,800,789,756,774,777,744,703,732,762,747,712,771,771,735,768,785,752,737,781,765,682,756,767,745,715,752,749,668,716,717,633,686,682,670,675,684,676,650,703,712,671,700,741,717,681,766,771,715,658,779,814,788,731,786,789,744,613,696,738,751,582,669,724,708,563,642,664,608,452,547,600,608,565,472,548,597,615,494,566,617,614,506,565,598,575,471,536,562,519,430,449,492,496,479,432,403,453,507,530,512,418,500,558,587,573,508,566,591,579,533,572,579,545,542,509,704,757,798,787,802,821,806,778,736,768,776,754,715,715,709,694,741,704,674,666,756,706,671,818,780,738,708,842,839,804,770,847,843,804,835,836,792,776,819,811,799,801,767,792,805,786,740,763,781,770,733,748,746,735,743,734,772,777,754,817,819,782,830,822,782,754,804,795,761,719,777,781,756,699,757,777,768,692,733,756,764,705,727,737,751,757,756,759,798,797,784,822,821,792,814,818,783,781,806,779,745,796,783,724,711,787,792,741,778,803,763,745,790,774,693,755,759,722,722,725,702,700,700,680,670,698,691,679,691,715,710,662,725,738,708,721,771,769,699,794,819,758,650,763,805,784,675,731,754,738,636,703,728,522,627,673,650,535,610,623,586,551,597,607,574,476,553,599,606,551,480,551,581,575,521,458,509,551,552,489,416,485,515,503,470,400,444,486,527,527,480,472,542,581,584,551,509,549,581,588,572,517,558,583,594,536,579,589,585,573,728,815,806,873,840,820,842,840,798,793,779,773,763,774,732,705,798,751,701,676,810,758,715,851,835,785,741,858,845,794,791,843,842,791,790,824,816,810,811,774,802,818,803,775,796,789,746,764,767,759,772,765,786,815,822,809,861,855,817,857,832,792,809,785,758,770,765,750,764,774,761,779,793,779,798,810,788,807,820,785,804,818,807,781,805,813,798,804,813,789,783,810,788,754,800,789,735,798,799,732,808,820,763,802,826,788,772,809,788,747,792,774,714,781,770,730,759,777,757,713,775,778,736,755,781,759,718,766,774,745,730,776,782,681,749,775,739,689,729,744,593,675,730,711,604,700,703,616,500,633,671,633,536,618,628,592,537,592,602,558,521,566,557,519,485,512,528,512,434,486,503,489,455,420,463,503,538,519,451,517,570,588,554,522,560,581,575,549,537,566,577,578,581,570,601,608,607,606,759,883,849,888,882,833,854,827,822,808,800,761,745,801,752,714,700,817,794,750,715,825,811,774,808,834,823,785,804,826,823,801,814,807,809,817,813,780,824,833,819,811,824,813,776,786,799,797,789,795,807,820,848,852,845,891,876,855,881,844,834,828,790,803,784,764,803,788,778,826,823,819,835,843,850,816,826,849,788,796,823,773,783,802,751,780,795,712,773,798,773,776,810,792,789,829,820,794,844,846,771,838,855,710,805,840,808,775,828,814,766,832,832,771,825,846,811,789,839,828,738,816,823,779,776,798,784,713,757,772,755,711,750,763,653,712,749,744,636,725,770,527,677,766,732,578,702,717,637,590,664,656,575,465,591,638,611,520,497,580,588,541,474,479,517,517,509,475,418,462,492,494,469,399,456,489,514,521,439,508,551,576,565,533,577,598,602,570,559,592,614,614,592,555,599,634,634,609,617,821,900,884,897,876,867,835,876,841,816,802,814,782,766,807,783,763,745,792,782,768,795,795,787,764,799,796,790,809,808,798,786,841,832,816,860,860,842,841,855,859,842,830,831,832,833,831,826,859,873,856,882,912,878,894,911,859,886,877,824,868,848,807,869,847,813,874,860,834,854,855,851,814,825,848,775,791,828,754,776,810,742,775,798,737,786,801,759,820,832,785,852,864,826,850,872,851,817,860,858,750,824,842,787,832,805,775,841,837,762,839,853,799,806,846,824,767,829,826,734,805,815,790,760,796,803,687,765,800,782,705,767,784,584,690,770,784,577,728,798,723,620,733,725,608,460,611,683,659,483,623,670,618,538,626,620,549,522,562,550,508,479,522,523,492,483,518,519,511,477,515,550,565,564,582,614,625,604,616,637,636,618,584,613,640,612,872,919,892,913,893,874,842,847,830,822,832,801,789,777,797,778,763,783,778,769,770,773,769,806,796,787,772,859,846,828,893,890,869,890,897,893,882,879,862,883,873,845,903,899,857,924,925,866,936,928,856,875,938,922,851,889,933,919,893,922,908,885,895,881,865,858,853,832,820,827,829,787,781,799,823,757,787,816,759,793,808,777,813,812,812,855,845,833,880,873,807,864,871,821,837,866,838,803,855,839,747,829,836,805,839,802,779,830,824,728,805,833,796,791,837,820,789,836,827,780,807,826,819,737,804,833,778,745,802,791,630,730,787,760,616,750,793,471,646,742,697,501,639,682,622,516,637,661,585,544,628,617,531,414,529,576,557,480,415,512,553,524,463,455,538,545,514,487,501,555,561,566,552,550,613,641,639,577,612,659,655,611,592,599,592,589,592,773,915,867,932,902,895,873,850,880,843,817,867,834,805,776,792,796,790,767,759,785,790,804,797,810,873,868,863,906,919,917,893,909,925,915,897,904,878,897,890,855,874,914,902,856,870,929,913,889,942,915,920,961,932,922,963,952,896,936,935,871,892,886,859,860,853,849,837,835,824,806,816,797,787,809,788,790,810,810,802,814,806,827,841,828,835,859,848,796,841,847,750,828,856,812,829,869,832,812,870,848,773,859,860,786,833,860,824,786,851,856,752,851,879,833,850,878,848,804,844,842,803,766,815,827,658,759,813,782,668,764,800,530,669,775,784,534,690,754,670,577,683,677,571,574,643,624,520,431,556,606,572,445,530,549,511,443,507,524,484,466,528,521,482,511,553,550,550,575,625,642,624,648,673,645,565,593,633,612,569,826,935,891,965,945,907,864,928,893,852,897,869,850,820,822,833,841,817,800,835,845,845,841,864,900,900,898,920,931,929,907,929,915,890,904,879,879,892,888,857,885,906,896,877,910,899,893,919,897,928,949,923,919,957,950,878,928,936,851,891,892,837,863,859,824,836,838,816,814,825,810,808,824,809,802,812,819,795,792,809,802,797,820,823,814,796,827,832,768,832,856,764,839,870,824,839,882,853,821,891,883,771,883,904,848,853,914,896,822,913,922,846,895,915,872,833,872,862,784,824,808,670,771,814,761,710,801,814,612,740,810,770,619,744,763,647,486,646,714,672,518,630,655,598,517,599,601,534,521,560,534,467,505,521,500,457,506,533,515,472,554,575,552,522,542,618,627,611,602,651,648,615,614,637,619,564,873,963,918,993,967,936,885,917,899,892,857,872,886,877,867,896,907,911,924,926,927,934,920,918,931,928,912,931,911,888,915,922,885,917,924,911,925,930,913,910,919,905,904,908,888,912,918,897,893,924,918,868,917,920,856,907,900,832,883,874,802,845,846,797,821,825,804,820,823,813,816,813,833,809,794,844,817,798,826,816,796,818,836,830,799,848,865,777,844,875,840,879,845,830,884,875,787,885,910,880,940,908,863,944,936,817,915,928,864,839,881,860,712,797,826,780,704,787,804,624,761,828,807,703,810,835,741,706,787,761,562,694,733,674,580,677,680,597,600,656,619,519,608,614,551,460,534,598,583,526,464,555,615,604,560,614,675,656,588,691,708,649,578,671,643,600,572,592,591,588,729,904,867,974,938,884,924,914,904,899,877,893,899,905,914,935,921,941,966,964,907,938,963,896,928,935,877,922,947,920,921,954,957,955,965,946,957,961,937,941,944,917,919,917,881,895,895,864,872,887,873,870,902,888,879,915,889,866,907,877,846,886,858,842,868,839,846,862,832,859,866,836,881,874,838,882,882,845,851,879,853,859,856,821,814,846,848,759,825,861,736,820,868,833,821,872,861,795,881,905,758,896,951,894,887,959,922,826,918,908,807,838,866,820,738,810,818,744,763,815,799,723,822,854,791,794,863,843,683,779,812,755,640,732,748,675,628,710,694,588,652,686,620,495,562,656,636,552,596,656,624,549,666,709,669,596,754,779,721,613,716,805,777,668,711,720,643,558,550,601,586,566,581,770,932,891,952,914,903,888,903,875,882,917,922,930,923,951,980,890,941,979,872,928,945,847,912,952,908,957,969,945,967,956,947,956,937,934,939,910,913,914,874,883,884,849,868,870,842,870,881,849,876,893,852,878,898,851,888,910,857,899,915,858,901,909,856,909,916,870,925,939,893,923,953,906,899,948,906,863,919,893,816,849,858,831,777,829,853,758,833,879,844,896,872,829,910,922,796,926,969,907,972,904,840,926,890,750,860,861,782,795,836,812,817,839,797,790,856,867,774,835,881,839,746,813,820,741,687,749,744,651,652,710,677,554,547,660,673,592,580,654,619,528,614,663,619,540,710,728,667,584,711,795,780,702,757,802,752,638,706,703,633,554,599,602,858,909,894,964,906,874,874,956,919,907,906,961,963,974,926,968,994,825,889,946,960,834,907,946,889,946,956,923,951,943,921,925,908,905,897,871,884,878,849,864,860,834,864,855,819,837,869,863,817,866,869,805,863,874,818,879,894,903,913,859,913,913,861,915,920,877,924,952,914,933,976,935,929,979,934,906,967,928,918,908,849,866,895,887,852,904,926,847,914,951,900,894,961,946,839,950,978,766,911,977,901,858,946,904,802,897,879,779,841,853,808,774,828,832,781,785,832,840,789,841,815,702,783,808,722,688,752,730,616,574,667,693,640,569,641,633,554,578,633,601,520,636,672,619,534,732,719,639,730,775,723,634,736,734,667,609,656,636,586,538,565,583,890,918,900,936,924,988,988,969,990,1016,1027,899,947,991,881,935,963,914,960,959,935,960,937,919,913,882,891,868,834,881,868,846,866,857,836,878,871,844,877,884,863,851,882,876,833,880,882,849,895,894,887,919,910,906,926,911,852,916,914,867,920,943,906,933,966,924,933,971,924,922,979,939,894,969,952,875,940,957,923,924,965,966,917,974,993,951,995,953,874,958,969,776,902,963,889,858,944,908,819,905,890,790,849,856,810,773,814,809,754,752,781,790,659,714,776,775,626,728,780,702,679,749,713,615,688,676,601,605,634,602,530,609,644,610,536,704,713,641,714,770,710,608,744,729,646,555,692,649,578,601,602,562,522,900,966,955,1036,1017,1010,1053,1043,1048,1002,1009,1028,967,985,996,967,993,980,962,980,942,928,920,872,894,890,864,880,869,838,884,874,836,902,895,854,889,892,865,853,878,873,846,887,886,881,917,900,931,951,920,951,964,935,953,942,882,944,954,905,934,950,902,920,937,897,917,954,932,914,975,971,963,984,939,942,987,974,932,992,999,897,968,998,943,890,955,954,789,894,939,862,853,923,888,822,899,889,858,864,808,793,817,791,715,746,750,745,636,675,729,736,596,695,746,677,679,734,687,656,711,673,581,678,682,623,541,718,711,645,553,791,744,643,791,771,666,556,722,645,555,637,618,562,512,581,553,519,932,1042,1007,1127,1078,1047,1108,1071,1049,1069,1050,1032,1029,1033,1010,966,981,992,954,912,924,921,874,876,861,860,856,836,881,876,847,900,901,868,871,881,860,827,852,851,824,860,865,863,897,883,920,943,915,958,983,959,995,986,911,978,981,917,935,940,891,895,903,879,894,921,922,912,963,975,903,976,998,936,961,998,957,939,992,977,900,966,981,920,902,950,938,814,898,921,859,903,861,826,885,874,855,859,793,803,817,776,682,745,744,726,633,688,728,710,631,710,723,710,727,663,706,741,689,597,761,752,674,575,819,766,666,820,811,722,617,770,705,604,512,643,561,497,582,542,506,521,504,970,916,1145,1071,1204,1175,1115,1177,1154,1117,1113,1098,1087,1020,1016,1020,921,928,934,845,855,864,814,821,831,843,844,845,875,883,870,860,880,865,830,861,859,825,863,868,844,881,877,882,916,906,920,966,960,999,1002,917,994,1002,923,949,961,906,902,924,900,895,934,933,912,968,976,911,987,996,910,979,995,921,952,986,941,909,965,958,884,918,947,914,844,908,902,862,875,816,809,845,829,743,806,818,765,753,781,760,724,751,727,639,726,746,686,692,744,708,664,758,731,654,760,769,704,624,798,771,690,586,799,727,632,745,707,639,569,644,601,554,569,551,517,484,514,504,497,988,1159,1100,1191,1182,1148,1166,1156,1138,1089,1086,1077,969,984,990,855,878,901,799,816,844,821,829,845,857,873,873,856,889,886,845,892,892,854,901,899,866,907,902,876,918,917,883,941,948,966,980,896,977,994,916,958,981,924,925,961,929,914,961,946,914,969,963,897,968,970,879,953,969,890,924,962,913,882,944,933,851,905,932,887,845,904,883,852,852,779,780,806,782,689,747,763,725,685,734,739,707,752,722,663,751,748,662,736,762,701,713,784,737,656,785,774,703,629,784,736,665,723,709,649,584,617,594,572,515,531,537,533,506,519,517,997,1129,1106,1157,1164,1144,1137,1148,1124,1045,1074,1061,926,963,970,843,872,892,829,852,867,846,876,881,844,886,892,844,891,898,869,909,907,891,926,916,886,925,923,859,912,924,910,932,863,924,950,891,922,951,909,899,937,915,883,928,921,868,919,922,835,900,915,874,912,866,846,910,888,811,891,899,827,858,898,862,820,883,871,844,849,773,774,800,768,742,752,707,696,745,741,661,743,768,723,724,776,757,666,764,772,710,726,776,735,653,768,759,693,611,759,708,646,696,671,631,579,590,589,581,528,553,543,552,1086,1080,1146,1121,1092,1132,1102,1010,1051,1032,910,947,949,844,884,900,823,873,889,816,866,880,818,855,872,844,869,881,874,898,902,869,900,908,871,890,829,850,881,831,855,890,852,859,892,865,840,876,869,813,862,878,787,844,873,758,817,853,826,805,855,843,798,867,864,778,859,873,811,844,878,844,826,876,859,746,850,848,771,799,821,784,672,799,799,735,789,816,783,681,822,812,756,802,816,793,701,784,779,723,722,747,720,640,732,733,687,597,737,707,657,690,668,605,652,626,1042,1106,1077,1068,1038,972,964,850,891,909,801,860,888,781,840,869,772,813,843,786,811,840,815,838,863,854,877,826,837,863,816,812,843,805,805,837,810,814,840,821,807,839,835,780,831,854,747,807,846,783,824,815,791,837,834,802,861,857,869,876,808,873,891,839,859,887,847,735,864,848,774,834,858,817,704,869,853,771,873,864,806,706,854,820,776,820,811,797,718,757,750,713,680,691,688,628,662,681,675,679,697,676,699,951,968,931,932,869,890,786,841,875,766,824,863,753,794,826,748,770,795,780,802,767,807,826,787,814,828,787,798,811,775,787,800,774,800,814,795,811,837,831,795,846,859,825,851,803,798,832,809,793,841,829,785,851,852,756,852,872,802,848,881,828,868,831,735,854,848,788,845,877,840,735,880,847,768,852,812,755,687,772,738,728,733,716,725,679,661,667,667,582,597,631,504,544,594,637,867,843,872,835,868,776,830,866,771,805,832,753,766,779,754,761,733,776,776,741,793,784,742,785,777,738,777,779,746,791,802,777,804,833,822,716,847,854,769,829,848,787,793,824,787,762,814,798,804,814,724,782,822,768,747,810,786,680,793,790,723,795,815,778,668,839,818,736,810,783,729,697,669,635,633,626,649,604,600,628,555,569,593,484,505,564,590,809,839,812,850,792,828,729,754,782,760,732,751,731,745,744,714,761,744,703,757,744,701,750,754,713,754,770,738,626,782,771,672,784,795,717,760,782,734,714,746,729,728,730,639,720,738,676,693,734,707,702,706,642,674,697,666,675,711,706,624,728,739,693,702,708,687,624,623,627,605,551,579,609,520,546,578,494,506,525,545,750,752,597,645,726,754,621,696,725,635,679,691,665,680,670,685,696,670,696,716,683,580,719,695,603,712,711,638,702,721,669,658,689,674,596,634,656,585,604,639,607,593,632,629,574,618,643,578,581,621,599,549,591,598,589,614,567,607,644,632,612,651,654,568,612,632,606,547,593,607,579,705,586,692,563,656,481,565,635,596,640,598,628,649,603,626,638,600,604,630,609,593,636,634,557,612,637,556,556,608,576,509,573,591,479,549,604,543,527,606,586,494,580,590,476,551,578,541,577,548,537,584,588,523,592,614,487,576,614,592,600,580,461,579,623,477,562,609,508,560,410,468,525,417,482,544,503,565,543,480,547,552,441,516,562,415,500,574,556,573,582,547,576,559,439,512,550,533,484,537,544,556,485,312,428,260,331,436,491,379,462,499,451,496,496,363,500,521,525
Navicular-C1 - Navicular,218,222,238,175,254,243,222,228,167,241,186,255,334,118,190,262,327,93,179,271,338,80,173,278,352,74,165,266,342,64,150,248,325,133,232,311,117,207,285,181,248,217,216,165,247,349,125,193,274,355,146,223,293,347,392,156,234,301,344,369,157,220,290,343,369,116,155,208,277,339,374,409,100,149,205,269,331,373,413,151,202,261,326,371,406,169,203,254,323,372,185,208,251,316,368,196,221,261,313,364,235,278,322,371,275,315,363,241,272,315,240,209,295,169,249,342,436,123,203,294,369,418,161,242,325,369,377,361,152,205,271,333,354,344,172,229,278,322,336,323,163,225,275,315,330,323,90,159,222,277,315,333,337,123,192,246,293,313,326,342,339,244,293,325,322,319,339,349,270,337,370,354,336,350,368,363,418,403,382,387,408,353,442,441,430,438,459,411,437,445,460,480,337,402,425,437,452,345,393,401,331,351,267,157,246,188,281,364,157,243,333,392,428,148,207,300,379,401,158,220,272,340,388,376,218,292,329,358,368,154,243,312,340,349,345,159,241,297,318,328,330,163,248,295,310,318,317,192,287,332,338,332,308,236,345,398,400,379,329,364,449,478,464,399,320,309,444,537,556,491,405,364,384,541,606,558,494,468,462,296,481,588,576,541,524,508,378,524,563,553,529,495,438,537,560,531,330,470,539,529,352,459,489,366,195,139,226,324,132,180,276,359,387,136,174,240,335,394,380,171,234,301,381,409,152,251,322,360,393,125,221,332,394,400,384,173,270,367,406,393,202,306,384,390,354,211,329,399,384,330,222,347,419,406,349,244,371,455,462,414,358,473,521,500,438,281,428,533,568,538,343,493,592,607,537,254,423,568,627,587,521,330,506,615,615,563,226,421,586,644,618,547,326,519,638,661,602,232,405,564,647,630,286,459,591,349,508,401,171,274,136,210,329,408,157,186,266,374,415,365,152,197,243,320,403,408,184,250,299,354,402,156,252,327,359,372,150,224,321,389,402,209,284,365,409,403,245,332,408,427,250,348,430,442,244,342,426,449,237,340,424,461,438,304,402,468,485,224,340,444,502,501,152,271,400,492,524,206,344,466,531,537,132,265,418,526,567,529,180,354,508,602,600,287,462,600,649,608,212,375,527,628,646,590,281,431,564,637,623,209,350,496,598,279,418,528,316,135,229,152,194,294,405,441,177,213,256,336,411,173,238,274,306,360,396,126,213,293,324,337,360,170,268,351,369,350,231,322,390,391,191,279,364,407,208,316,407,433,223,336,421,445,237,336,407,435,236,328,395,427,421,292,365,410,425,219,305,377,420,433,152,251,349,418,445,216,323,415,465,458,185,285,395,479,493,229,346,462,514,516,167,281,413,503,542,522,218,346,453,513,522,168,287,394,465,501,508,240,347,432,492,518,186,290,389,475,510,218,321,424,139,238,356,157,132,183,142,193,259,348,409,168,221,261,305,356,167,244,300,319,332,208,300,354,352,169,255,343,385,359,210,294,366,394,174,237,315,380,193,260,346,411,203,291,377,430,210,313,388,427,314,383,419,428,291,360,399,418,237,308,360,397,179,257,334,388,405,239,333,397,433,226,331,406,468,498,187,297,377,452,494,469,232,309,385,442,448,171,254,341,413,436,420,221,330,412,435,415,167,294,394,428,417,399,221,338,397,411,417,396,145,261,343,389,423,421,180,273,350,417,200,295,387,151,244,197,122,136,178,223,285,348,156,215,253,271,297,150,216,286,313,303,192,271,334,345,160,245,323,362,214,290,345,364,266,314,351,366,290,336,382,227,288,359,411,272,364,413,261,354,402,422,254,342,391,410,238,319,368,387,211,289,350,377,378,270,355,395,397,246,354,413,429,449,193,316,399,429,449,263,361,399,408,395,218,320,380,405,403,264,360,425,439,403,187,312,413,450,424,121,248,368,438,439,376,191,309,408,442,399,339,138,245,354,414,408,371,180,280,352,387,383,119,216,298,361,168,262,339,111,207,294,148,137,179,216,252,145,195,244,266,268,191,250,292,291,174,244,300,317,163,238,311,345,329,243,312,360,361,318,357,378,368,338,367,395,401,300,348,401,422,250,321,387,411,234,313,376,401,247,320,377,402,256,321,371,399,245,310,366,396,393,287,365,405,398,249,347,407,412,205,306,389,418,410,165,261,364,421,419,227,340,419,434,406,198,300,385,429,430,238,333,413,443,419,178,291,397,449,446,402,139,257,364,436,470,445,206,307,397,459,455,372,140,245,345,407,411,366,290,182,284,348,368,358,313,107,214,301,352,368,139,247,325,362,87,196,288,331,174,269,160,249,187,126,171,211,175,224,253,263,166,229,272,281,166,226,285,312,242,310,350,344,254,331,388,396,339,399,426,415,375,418,434,436,349,393,421,443,301,361,397,419,265,349,389,402,252,347,389,401,248,340,381,395,241,327,375,393,401,295,365,395,390,250,338,380,377,219,306,359,373,371,196,281,347,386,395,254,341,404,424,404,239,338,411,434,416,221,318,395,429,432,407,267,354,418,450,441,209,307,394,445,456,432,159,257,349,415,446,436,192,288,376,422,404,338,122,217,322,379,365,311,135,239,321,347,328,282,70,155,260,337,354,319,104,209,316,362,336,77,173,296,366,147,280,362,103,230,311,173,238,218,162,178,155,97,104,43,142,140,195,245,264,138,194,252,283,276,154,200,257,303,316,206,272,327,356,197,277,352,397,401,286,371,427,447,343,428,462,472,344,434,466,479,308,417,460,463,260,387,448,438,231,354,419,408,228,332,386,381,222,320,373,379,370,296,363,383,366,257,341,369,346,221,317,352,337,189,296,352,356,344,168,283,364,391,384,282,377,424,427,399,272,368,430,450,429,250,338,404,441,437,415,219,298,369,418,429,416,247,330,388,411,414,181,269,336,382,406,382,196,266,332,373,351,134,197,267,321,327,284,156,216,273,318,330,292,137,184,233,299,348,333,150,198,274,352,361,293,110,162,255,360,389,115,214,337,378,310,77,176,292,332,271,181,143,241,274,223,144,92,178,216,181,106,118,155,131,64,74,86,61,15,34,9,-14,105,112,160,213,257,109,163,216,255,270,163,212,253,280,151,200,248,285,194,250,303,341,220,282,340,380,269,355,410,430,280,388,446,458,265,387,461,472,234,357,447,461,218,331,417,425,216,321,392,390,193,305,377,381,358,280,365,385,366,261,352,385,357,237,330,381,356,202,304,378,373,329,191,300,391,410,374,190,307,409,444,417,294,401,442,433,408,281,381,422,428,422,270,362,407,426,429,400,234,321,383,422,430,405,253,331,386,407,397,192,270,325,358,366,342,218,267,309,330,315,174,228,283,311,306,291,198,266,296,295,297,157,234,274,283,298,311,190,247,271,307,349,135,203,245,302,366,355,258,139,210,288,355,344,257,153,73,165,251,309,295,220,127,107,186,242,241,184,99,70,135,188,198,152,74,64,114,147,140,97,39,64,106,116,87,50,49,90,101,76,46,52,69,60,3,14,142,193,144,195,232,241,141,185,219,232,156,194,221,170,184,219,256,240,262,293,275,306,345,367,285,351,405,420,265,360,429,444,232,335,416,440,222,321,401,422,316,391,403,291,373,389,369,268,364,389,371,273,373,401,382,273,367,407,403,250,338,399,420,234,326,401,435,411,230,324,406,447,428,211,307,396,442,428,295,390,433,418,391,287,386,426,415,401,259,358,407,411,406,211,310,372,390,386,378,262,340,362,352,344,215,309,338,326,319,305,273,308,310,312,298,230,263,290,312,299,262,208,262,308,308,270,147,219,296,325,299,266,164,262,323,322,303,93,189,278,322,333,318,100,205,287,326,310,238,29,136,226,276,276,220,-6,94,176,225,239,210,138,44,80,153,191,197,171,117,42,82,147,172,154,113,74,75,139,157,131,86,55,52,116,132,109,72,36,87,92,70,34,58,51,32,135,142,181,219,234,168,203,220,217,151,169,193,211,189,192,185,203,274,272,261,268,345,358,356,378,422,428,363,435,449,324,406,432,306,390,417,394,302,392,415,382,283,383,409,375,257,373,415,383,245,383,444,409,246,391,460,432,239,370,435,430,227,345,408,418,231,347,410,419,408,239,351,415,427,414,231,338,411,433,421,203,311,398,431,420,277,374,417,413,391,243,348,402,408,376,208,318,390,411,371,314,275,363,406,376,313,238,335,388,366,309,268,305,352,337,303,273,239,296,306,307,299,267,237,274,304,324,315,173,227,280,334,358,320,153,229,310,362,354,72,154,249,325,355,325,68,173,269,323,318,-1,109,219,281,287,79,194,254,258,237,82,191,243,232,195,82,182,226,203,151,99,66,159,198,170,119,63,146,169,131,77,142,142,92,80,131,120,39,85,84,18,162,203,156,188,214,219,185,196,202,216,229,214,211,259,303,306,281,327,388,398,371,353,432,461,338,425,469,449,314,395,438,421,297,379,420,404,280,378,428,409,261,371,433,415,242,350,428,424,221,333,437,457,213,334,457,487,207,332,450,471,193,318,424,440,195,326,431,447,220,353,452,465,424,234,361,449,462,433,218,341,427,445,429,305,400,430,421,273,381,428,427,415,251,367,428,438,425,215,335,409,431,425,384,282,376,415,412,369,209,328,392,390,342,287,245,341,363,335,304,160,277,342,348,330,300,213,300,339,339,326,217,285,324,341,343,134,212,283,329,349,137,220,294,339,339,65,153,254,325,332,18,106,224,313,322,0,86,211,302,307,75,195,278,276,63,176,249,238,68,176,239,212,139,91,188,232,185,99,94,175,198,144,130,89,183,215,235,191,234,246,239,244,276,272,262,313,324,305,253,332,391,393,297,378,439,449,311,394,449,462,309,401,450,448,299,400,453,444,277,382,453,456,258,361,444,460,241,339,422,446,219,319,405,442,212,318,410,460,214,323,418,472,214,316,409,460,221,323,412,459,240,351,437,471,249,364,445,463,441,235,346,426,444,422,196,309,398,430,418,278,382,432,432,260,378,441,450,445,223,353,429,448,444,293,388,425,423,404,228,333,391,403,373,269,346,383,359,308,212,303,364,365,332,258,332,363,353,315,183,264,319,340,317,179,255,304,307,279,99,193,270,306,303,129,231,304,337,329,69,179,276,343,352,23,125,230,321,343,93,195,289,310,79,177,267,285,77,179,269,288,91,199,282,285,261,246,152,172,91,226,216,285,308,296,190,258,315,337,258,303,321,269,328,367,358,331,384,421,309,370,423,452,298,385,457,477,280,387,479,501,273,384,478,510,268,375,459,493,240,347,429,461,212,318,410,440,213,316,414,444,216,323,421,452,217,329,419,444,228,349,432,445,241,376,468,475,252,389,481,484,437,255,377,453,451,409,227,338,410,415,392,295,385,411,405,258,373,429,434,437,215,349,433,447,440,301,404,430,418,245,366,407,399,379,324,389,395,375,274,369,394,375,316,321,372,367,328,286,230,303,330,327,301,209,275,308,299,243,124,215,289,317,285,150,261,338,352,79,206,314,367,360,13,136,251,327,348,98,209,287,315,91,196,268,293,80,190,265,290,279,299,196,233,320,192,263,334,377,216,262,296,323,296,340,353,333,366,404,418,387,418,447,314,387,440,474,280,367,451,501,276,372,469,519,268,375,471,507,237,344,445,478,224,316,417,462,239,318,409,459,235,317,404,449,213,315,406,441,208,334,434,466,223,361,475,517,246,386,501,541,255,394,495,514,461,367,460,465,408,316,416,432,393,265,374,421,417,219,339,419,447,436,299,406,453,439,235,367,438,434,392,307,421,442,403,248,394,448,414,344,332,416,402,331,244,347,366,321,274,262,316,312,288,179,258,298,309,284,195,272,329,336,125,222,309,346,46,150,254,311,314,104,224,297,303,99,231,312,312,318,318,187,173,230,293,243,292,319,341,267,325,363,366,321,367,403,429,393,443,459,464,395,454,470,293,370,437,467,362,442,483,345,440,487,314,417,474,312,411,471,336,424,470,232,342,426,457,216,341,432,456,217,355,460,483,377,487,519,396,507,544,390,506,546,521,349,476,521,486,301,434,484,450,269,394,447,428,355,421,428,425,300,396,432,443,222,345,417,445,439,285,394,452,453,234,369,451,460,412,307,407,431,388,220,344,394,358,281,274,356,341,278,188,303,327,294,264,243,310,320,310,176,273,326,333,93,202,291,322,291,144,264,332,326,375,395,206,184,261,313,330,257,325,358,357,314,362,399,409,339,407,448,456,374,437,468,457,370,430,455,349,420,456,442,316,397,449,445,286,370,430,438,285,377,441,453,301,405,472,480,309,421,484,482,319,442,499,484,331,469,530,505,341,484,547,523,348,490,554,537,330,472,544,544,283,430,518,537,245,397,496,521,228,379,477,494,351,450,464,433,295,413,446,426,213,349,418,426,420,283,390,437,437,236,372,448,451,433,317,415,429,406,218,340,392,377,324,246,351,367,302,152,294,360,312,232,236,350,344,281,178,317,362,336,101,245,337,357,318,173,300,368,359,188,185,246,322,260,293,339,377,377,359,396,423,426,418,445,453,376,423,448,448,347,405,441,447,324,387,429,441,307,374,418,426,299,376,427,437,305,388,446,467,305,399,460,480,291,408,477,491,273,409,493,511,274,411,502,530,286,420,518,550,275,411,511,545,239,379,479,520,352,462,510,342,463,506,513,323,450,491,480,267,409,471,458,340,437,451,422,271,400,452,440,366,453,455,408,308,421,446,401,211,340,407,387,338,230,343,376,335,131,273,364,355,271,219,356,394,322,165,330,419,384,255,386,405,356,196,261,289,327,359,381,405,428,429,353,422,442,438,339,411,440,437,335,416,449,443,332,419,458,454,316,413,463,465,295,410,470,472,272,407,479,482,245,392,484,498,242,385,481,504,273,402,485,513,297,416,499,540,400,499,546,370,482,524,346,466,509,324,459,514,498,287,438,510,490,382,480,481,449,303,438,483,465,231,398,487,487,350,466,484,439,278,409,459,426,322,416,419,356,222,348,399,361,265,368,374,312,193,338,399,366,134,298,412,424,396,316,330,404,378,445,435,410,399,463,452,420,489,483,320,432,500,499,312,419,488,497,283,394,480,499,244,370,480,515,214,356,486,541,376,510,568,417,543,582,432,545,578,397,512,563,566,350,485,551,549,322,474,545,532,458,539,529,408,516,526,320,460,504,477,225,391,481,492,330,464,510,486,270,426,492,472,356,447,446,386,271,395,431,382,191,336,414,394,257,374,397,338,172,312,382,361,258,364,389,353,447,346,458,386,484,519,404,495,528,399,482,510,380,464,498,361,457,509,348,469,541,349,495,587,607,358,517,617,628,361,518,608,607,338,488,571,575,443,540,558,417,538,555,402,541,562,511,351,503,553,517,413,505,506,309,439,488,487,224,383,471,487,327,438,463,260,386,433,402,181,328,413,397,278,398,414,350,225,364,418,380,156,297,382,375,233,349,376,359,458,508,514,374,475,520,527,361,464,511,518,346,451,501,507,341,460,512,518,331,474,542,549,317,468,559,583,448,555,597,429,545,590,397,519,564,339,474,533,527,290,454,535,523,460,559,539,425,545,548,332,475,523,496,222,379,475,494,289,420,474,223,368,437,438,174,320,404,413,263,377,407,204,350,414,390,157,314,409,417,260,371,402,366,358,418,490,499,435,511,519,415,502,525,404,495,524,415,517,539,422,546,565,414,546,571,393,517,555,351,481,538,538,435,508,520,375,466,496,337,465,511,331,495,552,512,304,481,557,524,405,516,526,300,448,510,202,369,468,484,307,423,448,268,397,432,222,369,429,402,160,321,415,419,261,378,422,406,212,338,401,397,361,444,490,356,479,527,520,340,465,527,328,455,525,328,468,543,551,317,479,567,564,480,575,564,459,556,548,414,524,533,359,485,513,303,440,492,494,412,505,523,401,535,561,369,526,564,299,470,542,516,212,388,506,526,295,450,506,221,397,477,182,364,465,467,149,328,451,472,274,411,459,217,351,421,430,357,452,413,521,554,416,528,568,404,515,559,399,512,560,388,515,571,367,517,583,339,509,584,556,486,578,555,455,566,560,412,544,564,354,513,574,291,477,577,573,429,556,561,366,516,546,294,463,533,214,392,502,516,140,325,468,509,283,440,504,245,400,480,202,351,438,460,305,393,425,361,454,550,490,584,610,488,572,593,476,555,577,452,544,575,423,543,586,404,557,610,394,570,634,371,559,641,613,324,523,628,616,462,596,610,383,548,596,309,493,573,243,434,544,538,176,366,502,526,302,458,513,252,426,512,213,390,492,519,168,341,445,478,292,398,428,253,365,399,396,463,545,370,524,594,387,535,595,385,528,588,593,505,574,589,481,572,592,474,597,619,469,619,652,441,607,658,395,576,645,333,529,624,604,256,458,585,586,380,535,568,310,481,545,245,424,511,197,386,490,174,368,494,518,152,337,474,511,284,427,472,232,379,431,417,193,342,403,394,443,515,399,522,574,419,549,597,411,550,609,392,541,609,374,532,605,356,522,611,616,330,504,611,624,476,597,622,440,579,618,389,551,610,318,495,581,242,426,538,186,369,500,529,152,331,470,508,125,309,459,502,105,299,463,520,279,444,517,242,398,484,484,199,351,447,453,308,412,425,395,517,571,454,577,622,621,441,581,639,424,575,638,419,577,638,414,568,631,399,553,616,370,533,601,326,498,585,587,265,445,561,585,381,520,568,322,472,539,279,436,517,253,418,504,240,415,501,236,418,511,231,406,507,518,215,373,480,506,329,447,487,273,405,509,577,487,615,662,665,495,632,677,479,621,660,477,623,658,481,622,659,475,615,646,449,594,621,403,556,597,340,505,578,281,451,553,250,411,524,220,375,495,176,338,470,511,158,326,461,496,178,341,467,497,190,346,467,507,330,456,511,296,434,502,496,470,617,671,554,688,712,691,569,695,699,559,680,683,544,665,679,526,647,662,500,623,629,463,593,608,415,556,598,378,517,585,359,488,563,322,451,530,145,275,410,493,145,269,396,469,300,408,462,311,415,466,290,405,473,487,255,385,476,498,569,589,722,733,671,787,762,432,662,763,404,609,709,368,564,664,336,540,640,308,520,629,633,292,491,606,628,298,469,572,305,451,540,279,412,500,245,371,459,249,367,442,276,390,450,462,287,400,455,462,379,445,464,341,433,471,297,496,585,708,492,735,838,810,528,763,845,491,699,779,438,632,712,403,604,682,379,593,682,364,574,670,361,546,629,360,511,577,342,465,521,323,424,471,330,418,455,357,445,479,367,459,494,339,432,472,463,391,449,448,351,541,533,722,796,620,806,853,822,610,782,827,557,725,770,514,691,735,259,489,682,737,235,465,666,733,219,438,622,686,222,413,558,609,233,390,496,242,381,455,258,397,451,277,422,476,274,418,485,514,377,451,483,318,408,438,420,528,638,669,766,766,720,807,790,473,693,789,422,649,768,386,623,766,355,596,755,327,555,701,313,506,616,305,462,539,306,442,492,325,446,473,338,447,468,319,423,461,433,468,633,574,737,738,588,759,765,554,744,785,517,734,812,263,488,721,817,248,466,685,768,247,449,626,683,240,423,559,600,232,397,508,236,391,475,438,433,537,645,605,714,678,616,745,739,379,606,769,364,596,781,355,581,757,355,563,703,349,533,637,336,491,567,499,539,413,583,669,430,603,709,443,623,742,259,446,625,733,258,442,609,693,436,584,645,440,552,593,594
Navicular-C1 - Medial_Cuneiform,235,254,293,194,269,320,193,257,318,265,313,172,168,173,109,141,181,196,129,199,252,128,220,298,140,234,326,157,237,335,176,250,338,197,272,327,277,246,226,241,201,172,206,207,117,161,197,93,136,197,122,208,283,112,219,322,126,227,338,142,219,329,140,207,312,222,310,153,233,303,162,234,289,299,265,253,215,254,269,177,222,255,246,179,221,252,133,179,232,113,160,226,97,151,241,321,141,250,355,147,242,353,146,209,314,122,172,268,177,267,328,212,304,342,256,340,355,295,361,357,303,368,361,374,220,249,263,272,201,239,270,168,212,253,283,188,233,292,166,213,278,156,209,274,138,202,281,352,180,273,365,169,249,351,165,217,307,145,189,261,332,186,257,316,214,296,334,269,343,354,308,361,361,298,354,372,277,369,415,302,420,466,464,250,258,276,289,211,242,276,177,213,259,203,250,331,205,255,331,208,265,330,189,249,313,161,210,277,152,192,251,330,199,247,312,199,244,293,178,235,288,160,234,299,324,180,260,315,322,276,310,311,257,293,317,246,321,379,278,395,461,347,466,495,233,302,294,255,295,321,322,209,255,294,323,225,264,314,205,253,312,193,259,319,390,189,263,322,377,181,246,296,341,173,224,256,295,162,212,242,276,202,252,290,318,201,256,293,321,203,232,274,319,187,199,256,315,185,250,301,319,179,234,268,284,208,242,270,205,264,312,236,329,382,297,407,435,359,458,459,275,298,327,318,168,257,320,355,224,296,353,225,287,341,396,230,285,338,404,218,274,334,397,198,254,318,373,182,238,299,344,172,236,293,325,228,289,322,338,206,274,323,344,208,265,307,329,233,253,267,296,233,222,231,279,327,175,201,262,306,133,172,229,262,120,156,202,234,256,158,195,239,269,167,207,270,300,177,243,321,337,183,284,369,314,392,410,274,291,197,281,318,160,240,301,157,222,291,352,193,251,315,372,228,288,344,390,232,292,347,389,210,262,316,359,181,231,285,330,166,223,284,333,371,168,220,282,340,381,209,261,326,372,212,248,299,337,228,242,262,285,230,226,228,251,301,207,194,196,233,294,158,160,214,278,292,141,139,202,264,280,146,147,196,247,274,161,186,222,264,151,172,210,264,160,217,277,162,233,296,269,322,329,360,207,266,296,177,208,266,305,156,179,232,276,156,176,226,276,185,215,270,318,228,261,315,359,247,272,325,373,228,240,294,352,201,209,263,323,196,214,271,327,359,204,226,279,331,368,220,254,304,355,217,235,275,327,233,237,260,292,253,238,246,266,292,255,231,232,251,283,259,232,216,228,278,236,200,204,270,333,213,189,198,257,313,171,176,200,233,266,153,181,199,218,252,124,152,173,200,239,141,167,199,242,150,175,201,239,280,183,223,246,267,273,289,277,221,257,277,224,232,247,281,191,200,222,262,175,175,210,263,185,188,235,296,221,231,277,333,250,254,290,347,258,243,267,330,252,230,251,315,373,248,241,275,338,384,256,255,294,349,385,269,259,281,318,353,288,264,264,291,330,286,275,294,333,306,294,297,326,354,302,295,289,304,333,295,288,289,289,306,292,283,293,277,278,314,258,270,259,261,298,211,220,234,253,279,181,176,200,233,252,263,152,169,208,230,245,145,154,188,208,228,250,159,173,182,192,216,191,186,182,175,190,247,234,217,197,207,260,235,239,300,262,324,234,284,277,246,253,262,277,219,222,235,264,218,203,208,250,223,204,207,258,242,228,234,285,281,262,263,308,318,294,284,316,376,305,301,326,379,292,295,311,349,396,290,286,311,357,398,306,289,304,342,373,324,305,306,327,359,330,316,321,337,370,319,304,326,349,372,289,312,341,358,380,294,294,320,348,362,302,278,303,343,348,297,264,284,321,323,244,250,277,293,304,233,220,234,265,300,253,220,214,244,290,315,234,212,228,261,283,235,220,222,223,226,235,243,236,216,197,192,270,255,237,211,195,288,266,260,249,235,289,290,292,275,309,306,303,294,286,281,262,245,308,279,267,276,277,245,255,267,243,245,259,244,245,261,263,263,275,312,315,312,315,345,367,368,372,388,374,387,405,419,369,347,363,400,424,353,321,328,373,408,348,314,309,346,381,344,319,315,338,364,338,311,319,349,376,340,300,311,353,387,344,299,307,346,380,303,305,329,362,306,297,307,344,384,309,286,292,328,367,305,281,282,308,337,287,277,289,311,332,298,287,290,308,336,300,307,309,321,338,348,304,322,332,330,313,274,313,320,305,276,287,283,269,255,240,276,268,261,264,265,290,282,287,293,311,283,278,285,309,254,240,257,305,237,228,324,267,259,326,280,315,306,276,277,294,292,240,255,285,301,240,252,287,314,241,255,293,331,260,279,313,345,316,334,362,382,373,385,415,438,393,397,429,464,384,380,407,453,373,361,351,374,426,357,344,333,351,391,348,338,333,348,374,346,329,326,353,386,362,342,335,365,401,372,360,357,381,405,364,355,358,378,395,346,344,358,374,336,322,331,354,379,306,295,309,338,366,279,287,302,326,355,297,308,325,356,381,304,320,342,373,404,312,355,391,414,402,272,333,372,373,348,252,294,315,298,279,269,274,270,274,282,267,275,283,293,299,290,286,281,282,300,279,252,251,296,275,241,248,298,293,271,338,347,333,413,446,309,300,269,293,310,247,248,281,320,252,248,279,332,252,256,286,342,263,278,311,359,303,318,350,391,342,350,379,421,356,365,393,433,352,369,401,435,350,363,396,429,373,350,363,390,414,359,341,367,395,408,343,332,359,393,417,347,348,373,407,441,358,367,397,431,458,365,369,397,430,449,364,380,406,427,354,349,364,392,337,316,322,355,386,328,316,320,341,366,344,349,351,360,355,369,370,373,389,310,344,367,387,405,283,334,376,392,375,250,306,346,346,315,270,293,297,292,293,217,238,261,291,311,207,239,279,302,195,236,273,290,191,243,275,288,225,278,305,317,294,351,378,379,347,423,455,468,499,470,293,306,284,319,251,275,324,263,280,327,274,274,295,337,270,289,324,365,292,315,352,389,323,334,362,396,334,342,371,409,332,344,387,435,343,358,405,451,367,351,370,420,455,362,336,363,429,460,366,334,357,423,462,386,362,375,424,465,405,388,397,430,465,428,405,408,432,455,409,403,419,441,398,383,384,408,383,367,353,373,358,366,363,378,390,358,390,405,398,321,382,411,407,383,245,316,374,395,390,225,308,363,381,365,188,265,330,359,348,237,277,306,318,196,219,244,280,314,181,206,251,310,153,186,245,315,141,186,253,317,180,234,296,341,229,305,372,407,236,337,434,481,231,350,472,257,371,484,369,285,270,302,346,270,262,305,359,278,280,318,281,297,340,274,282,318,374,289,302,343,402,324,335,367,415,352,354,384,427,349,348,390,444,336,348,405,466,330,355,421,483,356,334,358,423,488,385,370,384,430,484,420,422,432,448,476,463,458,460,458,463,486,471,462,460,481,461,453,458,439,438,430,437,393,417,411,413,340,388,405,413,427,340,393,420,437,287,353,396,427,251,283,331,390,411,218,263,341,386,205,238,305,355,360,229,267,308,332,201,227,260,296,327,197,233,271,320,169,208,251,313,151,191,241,309,159,210,267,325,171,237,308,368,165,237,332,421,157,233,354,473,177,254,382,231,288,389,305,279,284,327,270,292,349,296,286,314,371,303,303,334,393,314,321,359,420,335,350,393,372,368,388,429,403,394,416,459,403,392,421,473,375,378,420,484,354,372,427,494,362,385,439,496,394,424,464,501,435,475,503,510,490,518,528,514,541,549,536,514,526,532,516,504,463,484,488,490,404,441,466,480,345,390,440,471,473,333,405,455,466,308,374,423,439,317,355,376,392,413,330,333,354,392,292,307,338,377,385,280,306,339,363,240,261,291,328,356,218,255,299,347,183,224,271,329,160,198,246,310,156,192,243,306,172,206,255,317,195,222,272,344,214,233,295,390,241,315,424,270,334,298,277,333,303,286,296,353,319,317,324,374,340,348,365,413,369,376,407,457,412,416,450,464,448,457,494,467,449,471,518,439,431,468,518,432,427,471,516,444,441,481,519,442,454,495,523,464,484,526,540,521,539,570,566,550,580,598,581,528,568,581,569,483,524,544,552,435,482,517,544,433,488,531,547,386,450,503,525,362,417,470,495,398,443,465,449,378,410,433,434,347,360,391,423,421,322,353,392,407,301,320,349,367,378,275,300,326,362,225,252,286,335,195,219,253,304,362,199,215,246,293,229,238,265,301,272,294,325,295,319,359,303,325,376,333,262,290,310,368,322,300,319,334,326,344,332,361,370,399,369,390,405,449,431,436,452,490,491,492,513,507,519,548,457,489,519,551,462,489,526,555,491,503,535,560,488,496,533,558,505,521,557,578,537,570,604,618,525,577,619,635,491,552,602,623,527,579,605,491,553,593,606,436,516,580,605,380,474,552,583,350,433,503,539,395,449,493,501,377,409,449,475,386,401,431,447,375,370,398,437,363,356,383,417,411,324,345,374,385,279,288,318,348,260,253,255,281,318,355,255,262,282,316,290,312,340,317,340,363,354,378,341,359,365,364,378,339,364,377,395,339,385,414,362,409,449,385,409,450,488,451,479,521,547,481,529,579,467,537,596,420,463,535,592,445,474,535,586,461,478,531,582,482,503,555,603,493,534,589,634,526,587,636,512,576,627,513,571,622,642,497,549,604,637,446,499,570,622,442,527,598,402,476,549,569,372,418,479,520,357,376,423,472,376,406,439,456,398,408,420,441,402,402,407,434,452,379,378,399,421,317,351,341,343,370,326,318,312,342,318,324,353,333,355,381,376,397,403,433,363,412,453,331,353,416,468,328,358,430,489,358,391,464,412,414,459,526,447,465,526,588,453,488,561,615,455,494,566,467,498,559,478,501,558,494,517,569,507,535,583,501,538,589,615,491,544,603,634,499,557,620,655,507,552,615,660,521,582,640,483,530,595,628,445,469,527,583,407,407,450,515,365,390,455,497,369,389,445,486,394,420,460,488,404,434,453,472,483,386,418,429,436,449,374,397,395,398,363,362,366,360,365,381,397,398,399,450,368,397,460,352,355,394,468,378,382,423,492,423,434,481,453,479,537,475,514,574,509,503,542,587,529,524,561,591,538,528,567,596,533,523,559,591,522,518,548,582,500,511,550,591,514,573,622,535,602,657,555,606,668,557,590,652,688,540,562,613,660,498,510,547,599,453,471,524,427,418,460,509,421,407,450,500,405,418,469,512,384,390,423,467,494,502,389,421,451,461,468,410,422,426,431,386,391,400,422,425,464,394,387,415,466,398,399,434,489,432,444,487,539,466,477,531,582,496,504,559,530,543,588,553,574,617,552,574,626,540,555,607,524,536,579,505,527,575,499,544,609,524,584,651,677,567,614,662,695,595,617,648,687,591,619,659,537,562,608,499,509,546,593,504,489,500,540,511,481,489,531,490,470,492,540,464,457,480,514,449,466,484,485,465,465,469,416,438,489,408,396,427,494,411,409,453,534,453,500,585,504,543,614,550,581,623,578,582,609,634,579,581,614,647,550,559,595,637,527,541,572,611,531,561,604,533,577,633,554,617,677,581,646,694,592,639,680,575,607,648,668,540,562,600,635,523,534,562,600,532,541,553,576,548,559,557,574,555,566,559,576,563,554,556,541,536,467,409,468,392,410,479,418,448,524,466,501,573,519,548,595,569,591,614,580,608,638,554,588,633,543,569,609,548,564,596,550,572,610,550,593,643,671,554,608,659,688,596,638,675,572,609,655,557,590,633,550,576,615,534,545,574,612,514,553,592,618,505,569,611,617,578,617,611,610,419,491,400,442,519,418,418,467,553,446,497,581,484,527,581,532,567,589,561,605,628,561,608,646,568,600,634,582,602,627,593,619,643,614,648,671,634,666,678,632,647,652,613,616,627,643,596,604,624,649,579,595,622,653,530,552,570,608,647,518,556,604,512,570,614,582,407,456,446,447,493,480,476,518,492,499,535,571,489,520,556,500,542,585,530,560,606,623,563,585,621,634,586,610,637,642,631,659,662,663,692,687,695,715,695,691,698,675,665,661,648,650,643,640,620,641,637,642,586,608,614,630,536,562,585,559,590,472,503,529,533,553,554,565,581,546,572,594,538,572,603,551,582,617,570,604,637,587,628,657,603,647,674,625,678,700,642,704,720,638,693,704,626,664,666,636,664,652,610,655,679,664,584,633,661,663,582,617,463,538,557,566,599,621,612,576,620,651,648,609,652,665,591,642,669,582,637,671,589,640,670,607,649,665,624,667,674,630,681,692,622,673,689,609,655,665,571,620,659,658,558,597,644,678,676,589,629,666,589,521,550,552,605,640,583,656,701,578,657,716,565,628,697,560,605,672,705,564,608,660,684,576,625,660,657,582,629,658,648,578,623,653,658,578,623,655,666,584,629,663,561,601,640,670,571,617,646,668,597,615,506,521,595,644,488,556,647,709,567,653,721,574,637,709,584,635,702,588,649,702,592,659,694,595,645,669,602,629,645,620,637,649,615,644,662,673,572,629,662,679,683,616,655,667,589,612,490,570,470,531,616,489,547,621,683,559,623,690,572,642,709,579,666,720,587,674,710,606,667,684,579,630,663,666,610,650,669,668,587,637,665,680,559,607,648,669,681,593,631,649,609,452,512,574,476,530,598,473,529,607,660,455,518,610,669,450,523,621,669,479,554,641,668,531,599,660,579,634,671,554,601,644,669,518,563,603,636,658,551,586,607,625,607,611,399,487,466,518,577,419,447,509,588,416,487,575,412,488,576,452,524,597,510,566,613,508,548,585,609,475,519,556,585,444,473,516,550,583,496,536,559,575,451,460,500,422,440,493,551,386,410,480,549,365,407,491,564,385,441,517,575,431,485,538,466,507,538,434,474,508,532,400,439,481,513,465,510,504,443,458,422,430,465,384,404,464,364,408,484,374,438,510,400,468,525,381,426,483,527,374,401,442,487,389,429,467,497,417,473,511,396,413,395,407,448,385,419,465,388,445,492,348,396,463,510,366,414,476,367,370,394,435,483,386,400,433,463,437,479,376,392,405,390,418,352,384,431,349,387,444,371,361,372,409,457,375,389,391,408,437,467,408,419,443,462,442,473,341,341,372,305,325,373,312,307,330,381,359,348,337,340,362,397,374,373,369,381,401,396,393,391,413,412,265,282,244,230,245,315,281,246,235,252,299,321,321,288,265,268,287,333,341,308,289,305,372,337,316,197,180,196,295,246,201,191,207,307,301,248,214,219,318,322,265,229,337,349,224,194,273,298
Navicular-C2 - Navicular,46,110,-2,35,56,-17,-4,-10,88,193,39,128,180,-1,59,92,97,-4,31,46,52,2,24,32,-3,21,31,16,76,195,72,186,271,299,43,139,206,236,15,91,128,146,144,13,64,78,83,82,25,52,50,44,18,44,43,30,33,46,38,37,44,61,53,83,226,63,208,310,323,64,186,279,305,57,156,227,242,41,127,179,170,37,107,139,116,84,100,73,52,76,53,22,64,52,23,20,50,54,41,51,60,65,78,98,105,120,267,92,251,390,429,54,205,349,403,36,166,286,337,141,239,273,128,213,227,112,178,180,73,120,123,88,66,84,60,36,71,54,27,77,73,58,60,105,113,117,173,140,279,388,425,117,254,386,459,201,334,419,140,258,334,110,213,278,283,108,204,256,241,174,210,185,110,133,120,53,75,79,57,58,74,56,38,99,92,81,74,123,137,139,135,170,321,389,379,130,280,371,397,251,357,411,201,319,387,400,137,253,318,334,97,203,265,280,185,244,256,154,207,213,181,140,142,122,87,94,85,59,87,85,63,103,116,103,94,145,152,148,232,375,435,157,307,398,388,102,254,356,364,214,328,357,338,160,290,348,343,108,240,315,314,194,273,273,159,236,242,217,196,212,199,145,169,167,154,129,135,127,105,130,121,100,148,153,132,115,189,186,177,220,346,406,391,170,304,388,389,244,351,365,306,179,307,348,303,116,251,328,312,197,298,310,264,150,262,297,254,220,270,235,174,239,226,192,199,213,199,146,184,185,179,160,178,168,149,142,198,199,173,197,238,227,221,376,331,193,338,398,374,305,392,391,235,354,384,333,157,301,365,332,228,320,321,259,158,266,304,271,214,286,286,151,257,287,241,222,282,256,170,258,258,222,205,232,215,197,143,204,207,191,178,219,212,181,211,241,223,152,194,321,383,365,277,382,385,230,362,388,332,171,315,374,339,247,352,350,165,299,335,279,233,299,277,173,261,277,254,212,270,272,152,256,289,267,218,286,280,240,152,244,261,237,173,229,224,191,190,217,192,149,131,201,206,174,163,290,367,374,213,318,359,326,138,264,340,317,215,311,309,145,264,307,270,200,293,288,143,264,285,233,225,275,254,163,256,272,252,210,274,273,256,144,250,286,284,193,265,286,267,201,258,250,117,215,231,186,161,220,200,200,299,387,413,251,356,389,359,176,288,341,327,207,284,294,151,242,271,233,189,251,242,114,220,258,227,186,263,248,144,244,260,236,192,261,269,247,126,236,278,258,184,263,275,275,216,274,299,129,231,291,283,164,259,267,207,93,216,263,227,149,254,354,402,407,200,318,388,393,261,347,363,183,283,315,288,228,278,262,162,241,258,230,181,248,249,125,226,254,220,184,241,233,120,207,242,246,165,239,257,227,112,209,254,247,139,224,267,293,161,255,299,291,86,214,286,277,153,251,270,219,198,205,323,383,399,275,366,406,223,333,388,380,275,347,352,202,298,320,292,234,284,276,156,237,263,246,193,250,237,139,220,231,199,175,226,220,204,135,216,239,224,175,225,236,218,166,229,256,89,206,276,290,157,260,286,246,208,264,243,139,234,292,372,394,236,332,388,410,293,367,396,236,332,369,359,270,332,329,190,282,294,266,229,265,246,175,245,251,217,212,255,232,184,158,242,258,222,205,263,251,215,218,240,230,130,203,238,239,162,253,276,252,108,237,289,269,166,257,268,217,196,264,251,361,390,392,305,352,375,261,329,359,375,296,345,353,215,308,326,304,251,299,271,197,279,268,218,239,266,234,181,252,257,225,222,273,267,233,163,250,279,262,178,240,251,233,178,237,239,126,239,272,239,214,292,277,228,251,287,256,159,261,405,456,448,205,347,409,408,290,364,367,367,230,327,347,341,264,331,338,334,285,333,317,205,304,302,254,259,297,257,192,270,262,214,218,253,227,193,167,242,246,225,214,258,259,256,153,231,260,259,169,235,262,246,203,280,276,209,148,275,308,247,208,301,282,217,235,287,246,394,474,468,332,428,434,414,260,376,406,388,309,372,358,331,315,340,317,230,324,331,301,267,325,294,187,293,293,242,242,287,260,172,260,267,226,226,269,236,202,182,265,270,247,233,294,290,265,169,268,298,283,197,273,302,273,212,300,302,217,117,252,310,252,170,276,269,498,357,468,492,446,303,429,464,428,354,422,417,394,358,389,368,269,346,345,313,287,339,323,194,302,324,286,240,307,289,183,285,302,268,239,304,293,180,290,307,262,254,313,298,256,195,299,338,311,248,337,342,295,161,283,334,321,195,283,320,282,202,288,297,225,118,238,292,247,186,274,460,424,479,466,386,463,455,415,410,432,407,315,384,386,371,313,356,353,234,328,358,346,270,343,346,183,293,330,309,243,322,320,180,303,332,298,260,335,319,275,199,318,342,309,267,341,346,304,188,303,354,338,233,329,348,312,153,274,328,316,200,278,298,267,219,276,277,237,159,256,289,222,440,449,424,415,447,423,349,427,420,385,360,394,370,255,341,355,348,286,357,373,216,335,383,378,261,350,365,184,313,369,347,274,375,362,202,350,374,320,291,372,353,306,202,329,361,332,251,332,334,299,164,285,330,313,225,316,325,285,161,277,315,283,222,291,279,241,153,253,280,260,194,265,420,371,416,402,313,401,408,386,364,416,395,284,385,393,359,308,374,369,346,213,342,384,368,275,374,388,366,326,390,381,272,388,407,361,369,427,375,308,414,386,309,216,364,392,344,281,365,359,318,181,303,343,313,230,316,313,270,161,285,326,297,246,330,321,261,193,312,333,274,264,323,287,240,195,280,282,219,397,379,339,392,387,372,375,406,383,319,400,396,365,361,412,401,279,395,413,373,321,391,374,231,363,400,371,336,427,410,278,414,422,348,363,414,358,294,393,378,321,342,376,344,256,341,343,300,162,289,334,300,244,333,328,201,332,367,321,300,383,358,236,356,362,289,303,335,280,231,295,400,380,417,401,301,391,410,389,336,410,407,257,395,437,422,326,425,427,348,391,364,261,367,386,193,354,420,390,311,413,392,250,380,394,338,338,401,373,272,384,392,355,321,380,365,237,342,360,169,310,367,340,278,382,386,220,364,407,371,315,391,365,259,360,350,281,311,343,304,311,425,435,412,312,392,410,390,334,413,417,266,410,448,423,358,437,423,253,369,384,363,292,361,373,232,355,401,382,330,402,383,288,385,388,240,363,406,381,319,412,414,242,379,425,419,314,402,412,242,365,398,172,327,395,386,271,377,388,213,346,375,350,303,361,346,307,232,337,363,346,295,368,415,301,385,410,388,339,418,420,286,424,449,391,450,427,310,406,408,226,347,388,395,291,375,403,220,346,398,394,306,379,380,270,371,392,356,420,414,305,422,454,224,382,451,454,313,417,430,237,376,413,323,395,382,268,371,367,213,334,354,341,274,344,368,385,340,403,308,402,424,366,431,418,320,438,444,243,416,457,432,357,445,450,293,414,448,445,360,425,431,272,379,408,192,328,376,361,294,371,369,250,378,414,391,350,441,444,280,422,459,187,366,445,445,302,424,449,228,386,443,421,331,423,405,268,387,385,351,333,375,378,278,388,430,442,378,449,428,431,257,396,438,408,354,449,439,278,431,456,420,381,459,457,330,455,484,421,474,454,345,435,428,265,387,404,365,344,403,383,293,409,424,227,395,455,426,346,456,452,261,418,462,454,366,466,485,304,451,501,400,487,463,319,444,433,228,387,416,387,333,426,440,430,270,415,465,341,429,288,419,435,397,385,457,436,314,450,462,401,468,452,353,476,492,309,464,505,466,419,487,454,347,459,460,412,468,445,349,459,462,287,449,486,445,424,505,477,349,478,494,248,429,509,515,372,515,550,279,467,538,500,373,487,465,279,434,450,401,383,455,443,309,432,463,441,370,452,443,442,392,416,466,427,352,467,461,423,471,449,380,483,491,351,491,526,467,531,510,404,521,538,308,483,546,523,420,526,519,353,508,533,480,548,520,411,530,534,311,491,555,538,437,566,576,344,522,567,428,524,503,332,484,501,253,440,500,476,364,468,476,448,412,472,335,469,406,433,478,425,366,469,450,279,433,460,438,405,482,486,388,509,543,343,505,573,574,460,582,610,372,553,614,486,585,574,401,547,574,307,500,572,562,442,565,575,363,544,594,566,494,599,589,402,558,584,265,468,551,544,370,520,549,290,490,556,533,423,527,521,328,474,512,495,410,501,450,499,445,374,478,460,294,441,462,428,487,486,421,530,554,376,548,618,621,523,647,668,441,614,663,329,540,628,627,448,583,619,344,529,605,474,598,616,407,581,619,317,534,613,589,446,578,591,315,506,573,565,426,564,591,344,552,623,484,596,588,385,533,562,529,471,548,388,481,530,481,414,521,508,333,483,507,463,520,509,455,563,573,414,595,656,575,689,695,493,653,688,393,591,664,519,636,661,422,590,650,314,534,643,648,467,627,647,375,580,637,595,496,610,606,382,562,610,508,627,633,431,625,677,317,549,643,632,441,573,598,336,516,584,570,442,552,331,561,518,465,573,563,384,539,565,503,560,539,483,592,595,448,628,674,375,607,701,696,532,675,696,452,637,692,370,588,680,671,508,650,673,405,609,685,658,550,687,683,456,647,684,565,658,631,455,615,637,340,569,658,636,506,664,679,403,607,666,516,625,636,412,577,622,290,494,575,380,554,491,610,603,416,582,610,341,538,598,567,502,615,612,463,641,676,399,623,701,690,567,692,699,501,668,704,426,630,701,668,565,687,682,475,666,715,621,738,723,533,712,739,633,707,663,518,651,653,397,602,670,636,558,691,686,477,662,703,365,593,685,682,492,632,649,363,537,580,556,240,432,523,350,582,508,639,630,438,620,646,366,577,638,603,526,640,629,468,646,674,400,628,703,683,587,705,703,535,692,717,469,664,730,697,609,725,715,519,703,744,660,771,754,583,757,778,471,689,750,700,579,696,691,460,651,712,610,731,727,530,698,734,420,632,712,296,540,653,646,426,565,576,319,489,545,232,436,527,664,645,467,656,674,397,620,677,631,556,665,642,475,648,670,393,625,705,677,595,723,718,558,722,751,501,702,772,751,646,759,754,549,725,761,434,680,783,756,615,781,786,521,732,778,724,642,747,737,530,708,757,420,649,747,740,558,695,721,461,642,707,363,580,673,264,499,615,600,417,567,591,346,536,618,278,504,541,676,650,491,681,686,423,655,706,636,588,693,648,495,661,669,404,636,715,679,615,754,748,582,761,791,521,731,800,782,665,773,770,568,736,766,460,698,788,749,647,795,780,570,761,785,688,772,753,582,740,770,468,676,748,596,703,710,525,678,719,456,651,721,376,599,692,300,536,657,643,486,635,656,444,626,384,540,686,669,485,683,699,412,658,725,640,599,716,659,512,684,682,422,659,733,696,637,783,775,596,790,817,523,744,810,786,666,776,777,570,742,780,467,706,799,767,660,799,780,594,766,778,492,702,770,741,608,749,762,508,709,766,423,658,752,731,605,740,746,548,723,752,482,685,734,416,631,700,375,595,680,358,590,688,660,572,522,703,719,455,680,727,646,742,671,588,731,695,509,701,715,669,751,717,634,789,786,583,793,829,502,741,819,797,651,777,791,546,732,793,440,681,794,789,627,775,785,570,744,773,483,691,762,733,608,746,752,523,725,776,453,694,781,383,646,766,321,597,746,731,553,720,714,507,675,680,481,649,664,497,676,691,507,706,726,492,716,767,434,684,765,644,771,740,577,745,753,498,707,752,671,767,742,631,793,797,572,796,842,476,737,831,799,628,776,782,515,717,775,414,655,770,590,746,776,530,717,767,452,674,759,350,607,747,749,533,727,766,467,695,765,401,651,749,357,624,744,340,611,737,330,591,708,584,697,653,614,736,692,641,780,709,792,417,681,795,763,634,789,795,556,745,786,478,700,774,735,675,795,777,643,819,827,578,809,854,465,736,832,770,623,775,746,521,726,749,431,677,761,338,603,738,736,522,699,730,447,668,738,374,636,759,587,754,758,518,717,753,451,680,748,423,679,771,420,692,793,417,693,789,417,694,789,710,710,811,668,807,779,597,768,782,510,718,775,683,785,742,657,811,804,623,824,846,561,796,847,725,820,748,636,787,744,556,762,764,480,729,779,392,659,750,568,698,676,494,676,700,443,685,764,391,676,802,620,785,766,556,759,773,529,766,808,520,784,848,500,784,863,480,773,864,648,786,735,558,723,715,464,671,721,639,746,696,601,765,766,558,765,809,506,739,814,744,693,807,757,639,805,780,588,800,806,538,780,813,480,733,786,409,668,743,670,603,723,685,551,740,753,503,757,823,435,733,846,360,681,840,637,835,603,831,562,419,601,626,528,568,648,591,532,667,664,491,670,721,662,655,752,721,624,769,757,590,780,787,568,786,808,556,782,814,544,770,805,520,753,793,712,775,690,652,766,720,603,783,787,540,789,480,553,514,476,470,684,694,709,748,732,764,720,751,664,712,613
Navicular-C2 - Intermediate_Cuneiform,194,206,183,156,179,165,302,299,235,250,214,167,215,199,183,212,210,205,382,287,340,278,202,250,254,228,197,161,210,212,210,185,227,238,239,214,160,330,411,395,280,413,416,337,246,178,332,339,297,249,211,159,236,221,212,202,170,100,189,203,203,178,129,216,228,224,199,164,267,364,332,223,415,401,303,205,386,394,340,278,224,172,316,329,304,271,241,204,149,234,222,215,201,165,108,199,208,202,186,153,226,216,211,260,202,291,265,224,365,346,280,210,376,369,312,261,208,156,333,349,327,299,259,210,171,323,300,262,224,195,174,240,215,200,192,233,215,205,207,222,218,224,178,241,221,219,303,289,281,247,336,325,304,281,226,321,318,304,297,266,205,315,314,286,239,202,320,282,242,230,231,227,225,244,222,216,229,221,222,226,233,198,236,229,210,272,268,264,226,288,280,270,279,274,221,292,276,255,267,285,265,268,289,282,236,298,283,251,216,269,241,239,239,212,229,257,218,199,215,239,208,226,235,227,245,241,227,270,276,284,261,254,257,272,278,248,241,218,214,239,261,241,178,207,251,265,251,264,243,253,251,235,204,227,209,210,196,178,203,226,186,173,201,228,206,227,246,247,224,286,275,257,270,270,288,285,228,224,248,278,275,177,212,251,248,166,212,244,168,205,236,234,212,226,220,209,201,190,182,175,170,185,217,183,182,200,238,229,236,284,228,214,289,261,305,287,263,267,256,270,286,217,237,284,299,188,226,271,144,172,213,240,153,194,235,157,206,240,239,205,221,219,190,191,200,200,201,196,207,214,263,250,245,324,285,252,330,310,285,327,309,300,272,260,253,266,277,216,238,290,192,214,263,299,185,222,266,157,186,232,267,169,230,275,274,193,237,267,271,234,239,245,236,230,234,270,268,260,252,328,318,318,273,404,352,298,429,370,339,309,334,312,315,285,268,243,251,270,191,204,238,285,194,228,284,175,219,264,299,200,231,271,187,210,253,296,240,266,296,296,294,289,286,320,305,280,270,320,312,288,346,327,389,464,417,348,470,461,417,384,388,344,329,331,256,242,262,274,192,214,251,189,215,249,286,218,250,279,220,246,266,288,248,258,277,278,279,282,304,345,337,315,307,402,386,345,309,398,358,319,382,355,369,462,439,494,497,457,464,465,450,417,369,358,363,351,280,269,284,307,227,235,266,287,232,267,300,259,280,302,304,281,291,298,283,284,294,311,307,300,296,304,353,332,311,422,393,342,308,447,424,374,332,419,416,397,371,412,407,484,497,447,498,516,503,448,469,467,461,455,387,370,381,395,309,314,347,359,278,300,335,326,266,278,326,361,294,331,362,316,325,335,334,307,313,328,293,304,319,336,323,324,321,369,361,329,391,391,359,371,391,382,353,379,384,440,478,508,504,503,519,523,491,482,467,457,440,383,377,396,404,335,336,357,393,332,333,359,381,306,322,374,391,298,310,368,405,310,354,380,278,321,349,367,275,318,355,253,302,334,321,339,330,348,364,351,306,361,384,373,322,377,396,397,402,449,451,479,498,485,487,495,502,472,450,446,450,424,371,361,377,406,317,341,382,416,347,368,398,395,349,342,363,407,311,334,402,429,307,373,410,266,322,370,217,269,326,375,244,299,344,255,311,344,284,346,373,366,317,376,394,340,408,415,434,436,404,453,466,444,462,470,471,446,460,461,469,433,423,430,443,348,354,386,419,311,347,402,422,320,344,382,412,338,348,380,413,303,340,415,265,299,375,419,261,317,377,230,273,335,213,259,313,356,263,323,363,277,343,384,300,358,387,325,386,403,357,423,434,427,428,417,431,463,469,425,444,466,468,451,457,452,443,437,426,414,423,430,356,366,405,309,326,368,418,322,348,390,401,325,348,379,293,302,347,410,272,309,381,257,270,328,379,243,286,353,233,274,335,223,271,329,367,261,325,378,268,323,376,299,343,380,358,351,386,404,398,413,415,442,427,463,472,428,464,477,450,460,465,447,415,441,419,416,401,382,384,417,357,361,400,430,349,380,416,334,354,382,398,324,348,392,301,317,359,402,280,299,352,255,254,304,362,251,288,347,262,285,331,272,280,325,297,291,329,380,315,346,382,354,353,380,394,391,410,413,382,372,430,452,409,432,472,478,418,469,488,451,464,482,460,405,448,466,441,423,451,427,416,421,422,409,430,389,392,422,448,369,397,430,349,363,401,439,326,366,416,287,314,350,382,277,295,342,281,295,329,328,338,356,362,353,363,369,361,373,335,351,380,304,349,396,401,321,377,419,409,440,306,380,362,429,448,415,441,482,474,435,490,495,431,486,492,452,470,479,446,418,479,449,429,469,449,425,428,411,402,432,449,377,408,448,349,364,411,322,375,423,288,338,386,260,307,351,386,304,348,387,324,381,404,340,409,419,403,386,400,403,315,353,392,271,332,393,303,366,409,421,437,452,292,352,337,387,395,423,391,420,467,456,437,495,489,505,492,423,486,475,430,389,464,437,424,454,434,419,410,407,393,419,376,366,398,437,335,354,402,301,326,372,394,306,356,398,275,334,394,249,322,391,427,329,406,442,334,409,440,312,368,398,407,312,346,395,302,330,383,353,361,378,424,412,395,453,437,314,278,331,325,321,334,356,399,338,376,437,439,395,457,465,413,466,468,398,452,451,421,416,432,437,435,421,436,446,411,418,417,429,385,375,410,339,340,375,416,332,365,399,315,349,387,406,298,359,422,260,340,425,258,339,423,452,337,407,440,330,372,405,349,372,413,365,361,396,408,370,366,448,391,362,421,399,413,274,229,303,281,295,310,322,328,306,346,392,301,348,413,424,339,402,435,338,385,423,383,379,411,413,369,403,436,433,397,445,470,402,438,463,465,412,425,464,383,395,440,400,432,440,380,404,420,309,335,383,428,281,359,440,273,354,438,354,424,445,364,410,438,393,410,434,439,425,425,440,439,408,403,440,392,381,446,391,395,397,408,265,238,284,285,274,293,320,336,295,338,374,283,327,382,393,297,358,407,280,328,392,376,330,386,402,346,389,425,399,385,433,454,389,437,485,441,486,521,447,482,515,451,486,504,470,468,482,466,413,430,445,379,423,458,359,415,471,364,418,474,471,424,472,490,431,474,508,438,471,501,490,456,467,464,438,431,440,432,404,431,401,430,441,447,227,239,260,233,253,286,308,261,299,328,249,284,332,344,257,320,376,246,303,377,370,307,374,394,324,376,409,368,412,426,365,411,464,387,433,493,509,472,519,534,476,522,538,507,537,518,491,522,523,463,485,502,487,450,486,509,437,485,526,430,473,520,525,452,506,542,442,496,539,503,489,520,503,478,494,498,458,451,476,454,431,460,478,488,172,191,217,184,206,240,268,218,253,284,246,291,304,240,298,345,244,299,364,359,293,356,383,295,346,392,342,398,421,344,396,448,375,419,470,467,507,501,465,507,525,425,484,532,526,486,539,551,491,528,543,504,534,526,488,536,557,482,521,553,490,524,541,477,515,544,495,530,552,521,529,541,538,494,493,518,478,466,503,515,502,525,548,547,145,180,198,198,224,252,206,238,271,264,246,288,301,265,313,345,284,328,375,369,313,364,396,297,344,400,341,411,434,342,412,459,365,421,468,453,491,471,459,494,508,436,479,523,511,480,541,554,506,560,579,528,564,590,549,545,591,589,527,578,598,527,557,579,559,546,570,572,553,575,578,533,565,568,567,536,540,572,524,528,571,537,542,579,558,584,148,150,194,196,203,220,227,237,225,242,261,262,255,288,308,282,323,357,350,392,394,338,386,417,313,364,418,351,422,429,338,413,453,342,408,460,382,430,472,454,455,483,488,456,484,516,488,545,547,521,585,604,551,603,631,568,620,608,530,605,627,535,603,633,579,593,625,607,582,609,607,595,597,582,581,591,610,564,582,619,545,568,616,544,565,617,593,634,148,153,199,199,195,233,230,225,218,238,244,254,243,268,301,269,304,351,353,341,387,403,347,392,425,329,377,430,363,424,421,353,410,438,367,414,461,447,482,467,468,485,483,455,476,502,443,483,538,529,523,584,600,552,603,629,516,570,616,595,534,607,620,537,617,647,611,654,621,595,639,642,599,628,635,592,618,624,618,587,602,628,552,574,627,552,570,636,596,609,666,658,690,143,160,194,210,208,225,235,232,236,228,234,259,225,248,293,287,339,361,332,376,407,358,399,441,360,408,463,441,408,463,458,414,454,467,443,472,499,499,526,509,486,510,511,438,478,514,419,480,547,535,517,583,596,537,589,614,515,562,605,580,536,599,612,535,609,645,545,613,665,625,610,664,670,620,664,680,609,658,667,638,623,631,640,579,594,637,571,588,645,607,622,674,665,709,717,125,145,160,164,188,209,214,190,216,231,241,258,220,240,278,219,251,302,290,339,370,334,377,414,370,413,457,392,445,496,486,463,514,512,475,517,522,491,527,546,521,559,543,476,530,551,421,492,552,398,481,566,558,489,570,588,496,557,592,495,540,588,524,587,614,524,595,644,545,609,666,629,616,672,677,622,676,703,632,680,702,649,653,663,645,606,614,627,586,598,626,599,617,652,614,646,694,707,664,719,722,706,137,143,180,182,189,197,219,212,216,235,259,210,215,247,288,220,261,311,300,350,385,341,388,425,373,417,458,446,492,499,468,518,531,485,534,550,488,538,567,508,565,557,459,536,574,423,510,585,407,491,583,577,481,567,588,491,554,590,512,553,593,542,591,611,540,597,640,565,615,663,615,662,661,598,651,682,594,653,691,624,645,668,630,620,627,611,606,607,603,596,604,616,611,649,657,627,678,688,670,665,621,187,172,168,176,234,207,202,223,247,242,213,215,249,286,223,268,316,254,306,363,406,349,407,450,380,429,472,439,489,510,449,502,533,466,516,547,475,525,562,501,558,555,468,538,575,448,524,593,439,512,595,580,504,583,599,513,578,609,529,580,613,571,607,601,566,608,631,585,622,655,597,616,652,640,582,631,658,567,630,679,643,684,638,643,663,636,633,637,620,600,602,601,568,582,603,599,592,621,626,589,603,601,543,481,188,164,239,204,196,216,257,226,228,260,293,239,228,242,284,329,258,310,374,420,294,350,421,473,396,455,505,429,471,524,536,472,525,553,479,525,555,490,528,558,518,554,551,501,545,565,480,534,580,462,523,584,508,578,590,491,569,608,486,565,615,564,611,595,563,604,618,567,601,635,566,589,637,629,571,631,659,576,640,691,597,657,710,665,658,697,679,635,663,660,590,608,617,556,564,581,555,569,569,534,539,540,482,480,444,436,246,209,197,282,256,257,281,278,274,289,326,256,266,293,346,407,317,376,452,495,369,427,497,544,465,526,577,573,526,581,599,518,568,596,510,549,578,531,558,559,512,541,556,475,517,551,441,494,547,541,480,550,575,463,550,604,455,548,618,551,613,602,551,595,610,537,568,610,512,542,609,623,538,615,659,559,626,683,573,634,695,633,693,690,610,666,681,564,609,639,530,552,581,521,524,540,493,504,511,443,458,410,420,236,302,283,282,323,330,357,387,295,323,379,446,481,312,386,476,544,398,494,579,607,490,583,642,464,558,636,658,527,607,647,491,562,607,521,564,573,490,533,556,444,491,531,406,460,522,469,546,588,490,576,636,497,580,650,508,571,638,627,568,613,626,549,576,612,508,534,597,517,591,646,516,585,652,514,586,661,532,605,681,679,597,668,681,538,604,647,489,537,590,511,545,490,510,445,469,298,367,379,412,365,408,491,555,324,387,506,618,651,359,476,605,690,426,543,657,719,467,586,690,408,523,637,687,470,579,638,430,530,596,599,501,565,590,465,520,565,434,488,554,504,583,627,548,625,676,572,632,687,576,616,672,660,607,648,661,592,615,649,555,577,630,548,609,652,514,580,644,490,568,646,515,594,669,533,588,656,655,507,581,629,440,510,589,496,558,494,529,463,403,397,485,509,562,488,541,640,704,455,513,625,721,751,470,558,650,734,483,555,657,749,473,574,687,721,415,513,632,688,481,602,669,471,580,649,653,549,611,643,520,578,633,512,577,642,665,610,665,693,641,673,702,643,651,688,627,665,686,614,643,687,603,627,678,588,615,662,671,581,632,662,541,601,648,538,599,651,534,573,626,473,482,548,479,467,479,547,658,666,691,654,687,747,765,611,648,712,758,783,560,599,650,703,769,806,596,632,703,777,563,636,733,515,604,714,748,580,691,737,553,656,710,704,554,638,690,708,640,685,707,659,704,713,696,723,713,704,700,674,684,664,628,657,671,623,649,683,646,658,685,660,675,694,651,674,692,635,648,665,655,634,622,635,645,579,583,604,488,524,454,433,629,719,720,728,757,768,707,747,786,821,691,731,764,810,825,696,721,771,813,676,749,809,625,723,794,787,577,692,774,784,697,774,785,738,727,785,785,744,794,788,745,802,782,730,680,740,681,656,691,635,630,690,637,632,629,673,657,651,704,695,682,721,722,723,710,736,721,701,735,695,665,626,598,503,502,424,438,686,681,711,721,736,747,769,790,757,783,807,732,785,822,811,676,761,820,826,624,726,806,830,610,724,812,835,791,643,760,834,840,790,711,792,842,834,783,714,840,824,767,697,832,805,735,662,605,772,706,642,601,702,648,616,713,668,644,717,692,682,723,718,714,730,713,696,713,678,604,573,507,644,696,703,737,754,750,759,790,792,748,795,809,730,786,810,785,739,798,821,784,834,836,776,702,862,830,751,684,870,811,723,663,629,798,707,650,623,785,701,656,640,617,698,668,657,645,659,651,659,637,646,677,662,699,661,622,652,712,732,749,781,768,817,774,833,743,623,694,563,529,667,543,528,567,568,636,608,666,600,643,615,526,464,564
Navicular-C3 - Navicular,132,121,114,68,117,104,73,140,157,139,99,140,142,111,57,106,111,88,85,107,94,115,109,122,93,135,162,155,128,104,129,153,146,125,94,106,130,134,115,75,120,132,101,77,122,123,77,84,120,101,110,112,66,109,89,97,71,14,148,124,166,184,161,119,90,181,185,152,121,101,166,161,143,121,133,150,147,112,127,154,141,81,-4,126,142,102,31,124,105,54,11,104,76,46,98,68,38,81,42,56,-1,0,168,139,218,223,187,131,192,242,226,170,128,202,221,190,156,125,170,181,174,153,111,143,170,175,147,84,136,168,163,112,43,136,149,117,62,1,114,116,77,28,-11,117,103,60,19,-22,116,90,46,-4,95,65,11,71,28,-16,42,6,34,59,34,63,191,259,245,191,231,267,231,161,240,239,188,152,215,203,183,152,189,193,173,128,170,177,152,103,160,155,123,75,137,143,103,37,99,153,138,80,19,126,147,112,57,-6,107,104,69,12,-42,69,69,34,-6,73,69,42,29,101,92,72,109,128,114,145,151,168,149,137,176,227,247,217,157,169,232,242,198,131,192,240,223,168,133,218,238,208,179,148,218,223,197,160,116,184,183,160,131,102,156,163,150,133,143,163,176,144,147,200,186,110,171,187,134,63,139,117,71,14,84,73,40,-1,62,86,84,61,40,88,127,127,103,141,171,157,122,125,184,190,157,98,172,201,173,108,188,183,177,215,207,171,205,233,214,177,228,241,213,161,191,251,253,205,160,215,266,240,181,143,208,225,184,144,130,168,173,153,142,146,135,155,170,188,166,133,184,223,204,126,151,212,208,140,61,151,169,124,63,111,105,76,41,96,103,90,66,114,137,130,97,100,161,180,155,149,195,189,146,177,197,160,87,199,186,119,180,215,170,204,149,233,201,163,167,256,259,222,189,234,279,262,224,249,287,266,196,269,299,234,149,266,246,173,127,211,178,131,116,157,143,141,152,149,181,192,170,177,207,184,129,172,171,121,60,136,120,80,48,97,128,120,97,115,143,142,118,135,172,165,122,167,190,167,125,177,186,150,139,193,179,120,184,215,175,222,207,179,267,219,217,295,279,234,279,299,273,225,214,287,299,263,189,221,299,299,222,140,239,290,244,162,113,225,234,178,110,79,196,183,133,105,103,161,163,159,145,127,144,180,176,143,111,138,172,152,112,136,152,127,88,134,147,132,113,143,167,157,117,166,189,157,99,129,192,193,155,147,195,191,162,163,203,187,136,199,211,163,166,221,193,193,270,260,207,128,249,293,261,218,194,282,285,244,230,283,275,229,250,291,270,211,262,280,236,177,245,242,190,128,225,207,146,108,192,175,154,137,174,191,172,136,181,191,150,107,179,166,123,90,165,152,128,113,162,172,158,136,190,202,165,169,223,212,168,194,230,212,176,207,226,192,160,220,205,143,191,220,174,212,257,215,183,260,260,222,217,265,251,212,155,239,266,241,189,204,266,271,230,187,229,271,261,223,197,219,252,241,204,172,208,237,213,166,143,193,199,173,158,148,164,188,197,177,136,174,216,208,153,94,183,215,175,112,80,182,193,152,118,179,183,165,148,177,198,199,178,193,234,226,187,220,252,224,165,241,239,185,194,230,198,137,209,226,178,239,230,245,183,120,238,275,244,169,260,275,252,217,277,279,240,263,297,271,206,274,285,245,197,248,253,224,191,232,236,206,182,220,207,182,170,194,196,189,163,202,220,193,131,214,221,166,93,216,207,152,123,218,206,181,171,209,210,204,195,150,198,220,213,146,214,235,202,181,243,225,178,211,227,198,166,219,231,202,160,251,247,258,285,239,193,287,293,249,96,236,299,299,266,172,289,299,298,243,243,299,299,272,196,258,299,294,235,171,247,284,262,212,170,242,270,247,209,191,241,257,234,208,185,234,240,217,183,149,215,227,209,173,120,206,231,214,157,95,198,229,205,158,150,190,230,222,209,200,234,226,211,185,208,198,170,170,200,189,152,187,221,194,170,212,218,198,199,167,224,231,224,217,202,251,256,244,221,257,260,200,135,243,280,253,163,261,287,256,223,296,292,257,171,276,299,296,260,214,292,299,294,243,231,297,311,280,224,241,298,304,265,211,234,283,281,246,209,221,269,268,225,174,224,263,240,194,160,242,234,202,153,231,229,190,157,214,226,209,203,230,238,217,205,226,220,190,148,162,208,206,169,138,140,198,207,183,176,141,204,212,195,168,221,226,222,204,248,257,256,221,258,264,210,202,210,255,228,181,137,220,248,228,166,246,263,226,217,273,264,243,256,289,289,278,279,312,311,290,291,318,307,263,273,293,277,231,253,282,267,211,165,271,288,240,183,156,268,259,227,190,154,230,250,231,185,155,216,253,232,190,173,243,271,234,200,261,259,228,207,222,236,222,188,182,214,212,197,172,213,217,197,191,233,233,224,221,260,269,263,235,270,272,225,258,200,240,263,239,206,183,242,262,244,194,191,256,260,221,194,225,266,257,243,248,250,287,300,300,290,275,324,328,303,258,279,307,299,274,226,256,286,293,266,212,260,304,297,243,196,280,298,265,227,210,249,258,259,253,223,209,268,298,267,209,226,319,317,256,211,278,331,295,247,228,257,280,263,241,213,233,241,227,218,230,250,247,225,191,256,282,272,251,198,269,294,290,268,198,263,285,272,206,249,262,183,256,290,277,240,260,281,262,229,196,257,269,236,191,199,255,252,220,203,220,269,281,283,284,252,315,341,329,302,274,326,325,309,291,262,299,312,309,279,253,302,318,295,250,307,301,263,240,288,274,267,286,266,297,323,297,286,350,332,273,327,355,310,260,238,312,310,274,248,231,254,269,263,248,234,278,291,285,256,317,328,304,265,315,314,288,237,278,274,248,223,248,248,203,240,278,257,227,279,275,242,246,277,257,209,249,269,244,212,273,300,294,274,240,316,350,338,308,273,336,340,314,306,309,314,319,315,286,300,324,316,282,249,303,315,292,261,249,295,308,286,268,276,290,300,291,291,261,255,294,313,282,239,235,313,315,278,253,256,311,295,263,248,239,272,270,259,259,208,256,289,303,302,203,289,338,331,297,229,306,320,294,259,206,256,262,244,223,168,216,233,238,160,217,259,178,253,241,262,268,261,235,219,267,283,260,212,227,283,290,261,228,265,322,334,311,272,313,372,372,336,305,356,383,352,315,309,360,351,324,314,310,326,336,328,308,281,305,330,318,299,281,281,318,328,312,276,269,325,322,279,235,258,290,280,258,224,268,297,282,258,299,318,292,268,285,295,276,256,253,280,294,299,252,319,340,314,280,323,301,261,248,260,244,239,200,228,252,272,196,260,299,133,240,190,238,280,259,260,228,267,285,297,281,217,271,312,312,281,233,311,348,340,304,281,363,389,368,333,334,407,409,369,326,386,420,386,330,295,374,381,347,309,290,316,337,328,310,302,311,331,338,327,308,346,332,279,214,300,313,284,246,223,283,317,321,304,289,313,367,362,330,304,313,348,335,304,272,271,301,305,301,286,228,285,327,330,298,226,305,327,295,254,233,287,280,254,254,218,257,267,285,200,258,299,299,201,295,255,304,276,311,322,316,308,241,290,311,321,307,232,287,330,341,320,248,332,379,378,352,296,389,427,415,374,348,433,447,401,325,368,423,405,341,288,271,363,348,315,295,285,314,332,334,328,311,299,351,359,329,278,300,343,329,289,249,283,332,343,328,309,292,370,393,371,338,299,366,367,334,300,306,303,286,275,248,270,293,304,173,240,299,326,315,178,275,324,316,276,201,288,308,287,268,201,269,292,296,299,188,262,299,194,377,357,329,360,345,313,314,331,327,319,327,366,384,379,374,431,439,412,366,417,458,446,396,325,419,448,419,353,298,395,413,380,335,301,346,374,371,354,329,312,375,401,380,328,380,391,345,281,352,367,338,287,347,384,362,309,279,341,367,326,281,260,296,302,275,252,242,246,258,255,262,217,255,293,318,231,305,337,319,263,320,311,260,262,295,279,251,256,288,291,246,420,399,403,415,377,322,335,381,369,339,327,335,390,403,407,398,365,433,462,445,402,382,455,459,428,387,388,444,453,432,384,382,450,463,424,369,368,430,434,406,377,343,391,423,427,393,328,373,426,414,350,274,350,398,385,336,259,325,382,384,328,253,304,361,348,288,246,286,317,297,269,254,252,285,286,281,285,235,271,294,316,322,219,285,331,335,293,234,308,329,295,221,245,304,302,253,209,296,282,261,443,397,395,415,392,364,299,386,423,425,414,328,419,454,452,416,334,412,449,435,403,321,412,446,439,416,378,329,424,465,458,411,352,428,467,438,386,355,403,428,411,395,371,346,389,408,391,336,297,374,398,375,328,287,362,385,366,298,270,340,358,320,269,271,333,331,297,275,269,312,314,311,319,247,297,321,336,355,231,292,332,352,347,225,304,340,339,298,216,299,322,301,242,286,295,446,431,437,402,360,428,433,400,395,442,425,390,394,418,420,401,376,377,431,440,412,371,391,445,440,403,353,380,442,449,407,354,373,447,443,395,363,349,397,394,381,367,272,334,373,378,358,335,374,367,332,330,360,347,295,247,336,376,349,292,352,369,331,318,331,349,356,370,317,358,372,373,366,319,366,360,339,304,321,328,300,273,262,251,460,414,411,469,442,367,332,450,457,403,347,384,445,433,406,374,390,435,447,427,386,379,442,451,418,379,357,425,445,437,411,413,461,455,412,370,394,431,411,373,348,342,374,370,349,335,319,367,360,331,304,326,364,352,329,287,323,372,389,356,293,333,405,400,343,331,345,391,378,380,397,325,374,397,394,375,308,384,394,353,314,281,329,377,335,269,236,301,243,474,454,494,469,398,489,491,445,443,494,473,418,454,478,452,407,442,471,456,427,410,431,471,463,445,425,399,438,445,434,395,342,399,420,393,339,324,386,389,351,311,323,375,377,339,301,311,371,370,336,308,301,364,382,373,337,292,379,419,397,354,306,398,413,389,387,304,377,400,404,384,350,283,370,406,383,329,287,288,373,381,330,342,314,515,488,463,519,512,476,380,492,521,493,423,418,505,506,451,393,443,500,491,459,436,428,486,495,467,430,390,450,451,422,390,339,397,414,401,359,321,392,416,389,341,394,410,387,343,301,373,403,385,345,274,363,406,402,367,368,425,427,393,379,437,430,398,378,425,418,393,356,262,365,412,406,364,313,347,380,359,313,328,540,516,540,509,446,521,523,493,477,533,520,459,515,544,506,456,506,523,496,447,458,483,453,396,418,450,430,387,337,411,450,435,392,343,409,446,433,392,347,386,428,427,394,344,356,424,437,404,354,357,433,447,419,377,358,432,448,418,374,359,429,435,398,351,411,409,324,364,557,518,482,530,519,498,393,502,531,518,469,454,542,554,507,447,490,550,542,489,419,456,521,512,445,361,424,493,481,423,362,404,478,479,439,389,397,473,480,439,377,385,453,456,418,362,343,417,444,418,362,312,411,444,423,378,317,407,443,421,359,322,410,430,388,390,396,353,567,504,530,511,443,524,530,514,369,517,570,565,515,437,549,588,567,501,424,530,579,547,456,386,510,554,507,420,358,484,526,492,431,468,513,487,426,447,480,446,383,396,434,414,362,260,371,421,408,377,373,419,425,384,373,421,528,503,563,558,468,597,631,617,364,540,628,649,618,386,524,608,632,592,353,484,577,600,542,443,447,546,554,490,415,424,510,516,467,403,398,474,477,426,361,430,433,381,341,416,408,355,404,398,392,530,561,601,594,375,565,668,690,279,501,656,710,702,536,643,677,661,615,495,587,627,621,560,437,540,591,560,471,409,508,536,497,436,387,468,494,469,414,435,462,432,416,436,618,621,504,647,700,689,442,633,734,746,700,540,684,740,717,653,546,657,688,658,602,502,595,633,614,542,440,559,598,557,476,403,531,548,513,455,482,510,681,658,597,691,706,681,529,663,723,738,701,589,695,751,738,658,550,696,727,690,602,497,630,680,648,635,660,692,670,608,514,671,686,652,635,608,693,715,718,683,728,773,744,724,641
Navicular-C3 - Lateral_Cuneiform,-121,-156,-135,-106,-126,-110,-77,-62,-82,-63,-27,-21,-42,-56,15,1,-15,-29,-30,-49,33,-49,-35,-84,-75,-51,-50,-82,-71,-42,-23,-20,-78,-91,-71,-33,-11,-7,-3,0,-97,-54,-20,0,12,14,2,-35,8,28,28,10,-20,-1,-13,-2,23,35,8,53,70,45,65,41,10,26,-19,-34,-28,99,48,1,-4,0,-6,-7,50,-4,-37,-31,-14,-2,7,22,-89,-75,-55,-36,-11,15,32,35,-77,-34,12,38,47,51,11,35,44,39,-5,7,16,25,-18,23,58,-29,23,64,74,-18,28,52,-57,9,55,53,59,24,-26,-39,-52,52,26,6,3,9,71,34,24,22,16,22,7,-29,-24,-12,-7,3,30,-64,-52,-26,14,48,-43,14,54,83,11,44,64,86,-5,15,40,-57,-16,31,68,-28,26,67,80,-24,32,66,56,-2,60,68,-29,38,58,47,12,35,41,57,-29,-18,0,30,25,27,41,46,16,16,28,34,-36,-18,-6,8,38,-48,-29,-7,28,66,-30,-5,30,64,98,-15,23,42,58,88,-16,-5,6,36,-49,-10,36,71,-7,51,86,87,11,64,81,71,-59,19,64,67,-19,23,35,54,-44,-29,24,77,-63,9,78,31,94,-25,-14,31,22,14,42,84,6,16,48,64,-23,-27,-8,11,32,-41,-29,-1,26,54,-17,5,28,52,87,-8,7,31,53,78,-9,3,20,48,-32,2,46,68,-41,9,59,77,-13,30,59,71,-23,25,65,88,-4,25,52,94,-44,-17,60,122,-85,-53,36,114,-30,46,111,64,104,97,79,13,73,38,58,99,41,45,82,92,33,25,44,55,11,18,40,62,8,30,56,82,123,19,34,53,91,133,17,19,38,74,-6,-2,35,71,0,36,67,70,46,57,60,75,44,40,56,97,132,38,50,83,120,25,26,65,131,-21,25,105,150,-26,24,96,135,44,100,123,129,87,93,109,60,90,134,82,179,105,88,105,170,102,94,114,105,75,78,99,108,105,51,71,91,104,115,58,80,88,92,131,83,85,67,89,136,89,53,50,88,112,64,55,82,98,91,108,100,92,121,98,95,127,88,92,128,164,70,65,90,136,27,41,99,156,21,84,144,166,92,145,175,192,99,124,148,184,92,98,143,78,127,160,225,159,127,207,145,139,148,136,99,122,156,152,53,88,131,152,148,62,107,134,131,121,98,124,115,96,119,117,110,84,90,124,111,87,85,108,122,89,97,117,117,112,99,125,108,100,112,91,83,117,65,61,101,157,32,77,139,173,35,78,137,179,105,149,185,214,155,171,203,232,159,149,156,193,127,123,159,127,164,156,233,182,249,208,155,146,140,108,131,162,81,108,153,167,76,100,140,157,147,127,150,144,122,111,125,137,108,93,104,104,85,84,102,72,71,92,110,72,98,98,96,76,102,84,74,103,87,67,64,114,42,60,124,179,85,145,189,196,171,195,204,205,175,195,198,217,201,190,202,224,177,183,211,161,177,205,194,222,221,178,206,161,140,189,152,127,142,155,130,112,126,157,153,123,130,155,163,151,186,186,162,138,130,216,164,121,110,116,161,113,91,94,104,114,80,75,95,115,88,81,97,105,105,105,89,89,104,84,95,150,85,116,183,214,100,146,203,224,171,208,214,199,191,198,196,208,192,197,193,223,199,188,223,254,182,217,253,191,223,258,250,280,191,229,201,165,191,165,154,161,154,141,136,150,165,153,145,146,161,162,199,196,189,170,146,250,229,178,135,126,232,179,126,115,127,169,128,110,117,133,142,126,123,136,140,152,141,137,132,130,139,131,129,153,112,130,176,229,131,186,235,233,184,220,220,176,191,194,198,185,182,197,242,197,202,254,210,210,257,291,230,273,310,269,306,337,338,363,200,180,184,170,167,166,159,160,173,181,177,160,158,171,219,196,179,181,171,233,224,210,176,142,219,169,132,136,164,132,136,155,149,150,162,187,163,166,186,202,141,158,188,213,116,158,215,246,105,134,191,242,159,186,230,237,214,218,219,221,221,210,236,273,242,259,303,280,281,316,325,303,340,360,331,371,396,350,382,418,412,169,151,226,190,178,215,204,197,187,183,227,219,188,179,246,203,182,190,176,238,219,210,184,152,258,226,180,153,149,248,196,164,164,175,224,193,180,191,220,206,190,188,220,245,169,160,184,224,125,151,192,231,157,176,214,246,211,229,267,266,285,286,274,255,336,297,274,288,322,306,323,343,344,349,364,361,365,387,382,374,405,423,374,398,436,374,417,388,149,228,195,176,253,224,218,215,202,210,229,233,217,205,231,250,229,214,211,273,259,240,226,202,301,274,242,213,194,301,264,236,218,206,277,261,243,227,229,246,250,239,235,254,227,226,217,232,257,188,196,222,251,252,205,238,254,263,255,274,271,289,314,318,332,347,335,362,346,334,333,335,335,355,349,349,370,374,370,386,399,379,396,412,421,387,404,432,368,378,412,363,391,394,211,180,230,204,197,192,209,188,199,219,227,182,211,248,261,247,241,285,290,267,243,325,310,269,243,237,322,261,236,242,248,233,246,260,262,245,272,283,284,271,281,275,284,254,253,278,305,259,282,300,297,288,289,308,323,310,331,356,356,354,351,356,346,355,328,334,352,314,326,355,358,340,370,387,361,391,410,408,399,420,429,380,402,422,406,373,378,401,404,381,406,189,207,185,171,256,203,177,179,201,221,195,207,246,276,239,256,292,313,302,300,317,308,281,268,261,287,236,230,253,259,220,216,252,280,279,242,273,305,319,307,294,319,325,315,310,305,296,292,313,338,281,285,300,322,318,296,290,294,310,306,310,308,320,332,321,353,343,335,336,358,323,321,330,305,308,337,346,300,315,352,378,347,386,415,403,418,448,440,404,435,443,411,392,417,420,392,376,407,433,388,424,215,179,271,225,187,173,290,256,217,204,231,284,264,254,273,308,323,288,290,305,319,320,298,289,280,290,301,307,270,277,309,325,303,302,322,346,348,324,325,336,347,336,298,293,299,317,340,258,266,295,325,354,274,295,308,325,332,301,312,319,320,307,333,338,326,311,300,383,354,318,312,314,370,319,317,348,330,335,370,393,375,404,429,408,401,426,461,452,403,448,457,411,398,428,423,360,400,425,375,359,402,391,430,233,294,255,215,303,273,235,219,234,287,263,251,270,302,293,280,290,324,350,301,308,338,360,363,353,366,366,369,369,389,373,366,364,370,370,351,334,339,352,336,291,278,296,329,347,238,258,305,345,361,264,304,335,356,303,332,350,341,347,366,351,330,420,391,353,339,432,369,354,374,381,368,394,403,387,409,428,387,410,446,434,388,437,441,385,357,395,418,397,344,383,395,316,324,364,354,361,383,424,437,259,223,288,266,243,239,276,267,256,269,297,286,286,298,330,354,332,328,352,384,394,364,384,406,412,406,416,415,409,400,389,373,393,374,363,369,361,342,319,315,330,346,277,263,290,336,356,245,282,332,365,365,282,327,370,391,364,334,386,417,401,364,418,455,435,397,365,489,463,404,374,466,398,370,385,392,375,393,405,378,398,418,389,418,407,362,393,398,357,316,344,365,354,290,307,328,329,329,330,399,387,384,448,440,239,282,267,248,255,258,266,293,234,250,277,321,363,283,311,346,382,392,362,379,398,404,397,376,414,413,407,404,401,384,403,394,394,396,394,375,365,364,374,377,328,315,324,351,373,281,299,336,371,381,310,344,366,389,395,363,365,394,426,411,377,401,441,439,403,412,451,448,406,368,452,399,365,359,399,371,372,369,400,379,382,386,379,384,394,376,369,384,373,327,346,346,290,308,319,302,313,327,371,350,353,365,405,401,405,377,397,428,447,348,381,441,289,270,268,273,282,218,222,245,285,326,225,254,302,349,373,362,313,351,382,390,382,362,398,405,391,377,379,380,379,356,372,403,413,334,347,385,412,418,319,336,363,388,395,288,322,363,386,385,330,386,403,387,380,425,381,381,407,387,391,390,424,427,383,420,438,430,394,348,460,435,392,355,449,399,360,347,397,364,358,364,364,367,378,360,358,365,351,323,331,330,304,289,315,337,285,289,335,371,293,310,357,311,345,384,271,313,379,421,259,261,317,407,305,357,437,408,276,302,293,268,272,286,305,254,259,285,324,355,355,296,317,357,391,396,374,362,378,392,385,366,357,366,338,324,352,400,313,292,337,409,453,311,328,380,425,442,408,333,344,384,418,416,377,388,429,427,395,370,461,434,387,384,396,433,389,398,427,409,419,431,439,413,367,449,439,407,373,341,436,417,388,358,334,430,394,361,353,377,354,359,370,341,345,355,317,316,333,292,310,354,272,325,394,253,322,397,200,254,329,391,164,195,270,359,181,212,298,398,288,352,305,314,322,316,300,307,319,335,345,307,311,322,353,390,401,342,336,351,381,394,380,344,345,339,340,363,358,328,324,371,439,468,394,365,393,451,490,475,409,432,459,464,426,415,442,451,428,389,456,454,415,380,375,447,400,370,387,402,404,384,401,410,376,409,399,373,355,395,386,386,371,413,402,377,351,416,390,368,361,349,342,349,353,303,335,360,283,353,402,203,276,373,437,178,263,362,427,133,184,269,359,128,137,195,290,379,163,165,221,317,293,298,316,315,306,301,321,319,313,331,361,330,331,319,337,375,395,325,331,351,368,378,361,366,369,386,417,444,445,424,417,445,493,510,437,445,481,500,475,439,457,473,459,417,457,472,453,411,369,483,457,408,371,365,349,418,379,377,375,333,398,392,383,360,342,408,393,382,387,404,409,412,385,417,413,387,357,364,357,355,283,311,353,220,292,376,405,189,292,391,119,192,295,387,114,152,222,309,381,142,146,181,245,322,195,212,259,280,314,300,274,345,340,323,321,319,345,347,340,355,375,334,335,354,376,385,371,353,361,375,394,411,409,417,416,420,429,447,471,428,420,439,475,487,424,435,462,474,451,389,452,469,475,454,414,360,497,474,433,395,365,493,442,397,385,369,424,387,388,389,364,369,387,394,388,380,355,376,395,405,371,334,379,403,380,315,348,351,344,225,268,311,348,215,299,367,126,202,309,385,86,130,214,314,382,105,118,172,250,324,151,172,223,282,233,258,295,360,362,345,359,366,371,378,333,336,358,390,401,373,339,357,383,406,412,391,398,411,421,417,410,414,411,404,411,433,404,401,415,439,449,417,436,456,458,437,398,475,477,459,432,398,475,462,427,394,381,410,375,351,367,387,307,308,345,379,389,255,293,329,364,383,212,251,311,362,357,170,238,305,334,168,237,296,130,198,285,87,125,201,301,78,87,138,221,307,121,96,118,185,263,161,151,187,252,217,250,340,343,362,367,375,345,344,372,402,397,347,365,400,428,410,392,399,424,426,388,414,424,425,400,381,374,420,424,405,400,411,408,398,410,429,430,409,403,424,428,422,406,389,397,400,390,371,349,352,337,331,357,296,297,333,377,253,275,311,348,194,226,282,334,130,153,212,284,320,100,148,222,283,75,117,193,267,68,79,131,209,283,173,102,63,92,165,242,166,112,89,139,227,160,155,220,223,291,368,366,356,393,389,397,396,405,395,399,416,424,427,418,421,441,432,360,445,438,452,458,421,368,446,454,430,411,397,419,397,401,415,407,356,368,390,401,396,367,336,348,362,371,365,344,334,342,338,340,355,338,325,324,351,380,299,285,301,334,344,223,233,267,300,171,200,239,281,126,165,223,112,74,79,127,198,247,176,106,72,91,151,221,193,173,117,90,128,203,206,192,146,132,187,198,200,358,346,442,439,420,465,462,454,440,468,464,456,451,449,420,465,458,463,472,431,450,455,466,450,416,433,427,406,401,404,391,363,365,392,411,391,352,348,370,394,395,366,336,348,365,370,366,352,349,361,362,359,359,340,332,325,335,345,273,260,277,307,308,190,206,242,262,127,133,161,186,212,137,98,99,119,149,186,176,189,156,128,129,147,179,167,200,198,182,174,188,246,255,234,216,321,437,431,497,495,472,430,490,480,466,453,427,449,445,439,443,448,435,433,440,461,446,435,441,441,424,401,373,436,414,387,384,403,407,399,376,379,409,429,412,359,360,384,398,397,380,318,338,358,371,379,363,319,339,347,342,333,303,297,289,298,308,236,225,241,266,263,200,171,161,187,214,212,198,183,145,140,178,205,199,177,210,211,185,188,221,235,229,255,257,261,325,336,474,455,414,482,454,431,415,443,412,399,402,411,388,384,392,421,447,420,383,397,425,447,438,393,411,414,410,409,398,393,388,388,410,431,422,369,367,386,409,411,393,328,332,350,363,371,358,279,292,313,337,345,331,258,289,318,328,323,313,241,277,299,299,292,289,280,225,257,262,251,247,258,262,171,214,252,253,230,227,253,171,217,275,290,269,262,257,322,351,340,392,406,365,452,408,377,422,378,370,385,386,388,349,349,380,418,426,348,349,378,421,449,440,345,368,403,426,436,345,377,392,408,427,352,359,376,402,411,395,327,322,331,348,361,367,362,289,279,287,304,325,347,339,239,249,274,303,338,355,345,209,227,260,292,330,349,340,189,213,251,288,321,332,316,200,189,211,257,308,340,338,226,280,350,388,334,408,408,355,472,400,355,354,441,365,325,345,395,421,404,349,323,344,394,439,446,344,326,337,377,422,446,329,298,298,336,387,416,429,284,279,304,341,370,401,421,317,306,308,328,362,388,383,360,355,325,301,300,315,335,347,355,330,306,283,278,299,325,354,374,309,276,264,289,321,360,396,302,272,268,298,335,382,423,275,286,320,364,418,340,383,391,428,372,334,412,347,323,356,376,326,319,361,415,348,319,318,350,400,440,346,322,304,319,371,427,447,345,318,318,356,407,442,460,374,368,371,393,427,464,420,414,395,393,412,439,439,408,399,402,415,423,418,414,403,403,416,435,450,402,409,436,463,487,411,448,479,450,465,383,344,364,341,349,351,347,364,396,369,379,390,415,452,435,447,470,502,516,508,533,552,554,543,562,572,571,562,562,566,567,564,546,545,552,564,563,530,564,547,372,400,408,482,571,602,677
Calcaneocuboid - Calcaneus,-107,-120,-125,-178,-107,-145,-81,-121,-49,-98,-16,-138,-70,-77,-33,-72,-4,23,-28,51,83,-103,-12,68,-56,8,72,-13,33,-16,-116,-77,38,-136,-29,90,-102,1,110,-91,-4,84,-162,-95,-17,56,-152,-85,-22,49,-179,-111,-57,-13,59,-132,-71,-20,21,-138,-82,-24,26,62,-150,-92,-23,34,63,69,-133,-87,-29,44,101,99,62,-112,-82,-38,26,108,165,151,-83,-76,-63,-24,50,141,199,192,-82,-61,-47,-41,-28,9,71,141,190,200,-93,-71,-47,-21,3,40,83,116,141,171,-83,-64,-59,-42,-12,27,79,127,145,152,-94,-58,-32,-27,-39,-39,-16,22,67,104,126,-92,-74,-46,-22,-15,-23,-25,-6,25,53,74,-96,-102,-110,-98,-55,-20,-9,-4,6,19,35,49,-92,-61,-46,-63,-94,-114,-97,-42,-7,2,14,26,24,-69,-57,-40,-32,-40,-56,-69,-64,-34,-10,3,16,24,-64,-52,-45,-43,-40,-38,-43,-50,-39,-18,0,-71,-60,-52,-54,-56,-64,-72,-56,-65,-59,-102,-69,23,-128,-41,62,-106,-16,99,-129,-71,19,132,208,-145,-106,-37,54,152,191,-128,-84,-18,61,136,157,-151,-116,-67,-10,55,115,-158,-136,-100,-48,-7,40,107,-136,-111,-91,-55,-10,5,33,106,-138,-113,-76,-33,12,45,50,61,104,-132,-105,-83,-41,19,79,110,112,104,-180,-134,-95,-69,-44,-2,57,123,156,145,110,-151,-120,-77,-46,-25,0,36,87,144,174,151,90,-116,-82,-58,-29,3,22,32,44,66,106,152,176,155,-123,-56,-3,29,54,76,85,86,81,85,113,147,164,151,-135,-95,-27,29,62,83,106,119,123,122,122,126,131,134,125,-145,-120,-106,-71,-11,36,56,68,96,121,139,163,177,156,123,105,95,-177,-145,-103,-65,-23,33,72,69,60,78,101,123,161,186,163,122,-172,-178,-160,-113,-51,-1,33,72,103,98,75,71,80,94,116,130,125,-136,-148,-144,-108,-47,11,43,52,66,91,103,97,91,91,91,84,77,-105,-115,-109,-68,-15,18,30,28,36,63,89,110,131,138,126,106,79,-75,-80,-92,-71,-13,34,37,14,4,30,77,103,123,153,160,130,-79,-73,-70,-45,-1,31,33,22,22,42,74,96,114,140,145,-78,-69,-53,-24,6,20,22,27,39,53,76,94,101,-38,-46,-32,0,26,25,12,14,32,56,88,23,-4,-4,20,43,35,9,0,14,71,37,25,35,43,28,-5,-22,93,71,53,46,37,11,26,90,93,76,61,-8,79,103,84,77,107,-66,-137,-40,80,-102,-30,67,-113,-74,-15,63,144,-112,-76,-6,86,164,-128,-105,-71,4,114,-104,-77,-33,40,140,-101,-86,-52,6,79,-111,-77,-60,-21,35,89,-135,-87,-54,-26,15,52,83,-122,-67,-38,-23,3,35,46,-130,-73,-19,11,24,45,56,37,-146,-110,-75,-34,3,39,75,102,102,68,-181,-146,-90,-45,0,33,49,74,115,148,148,-135,-109,-80,-35,13,62,89,93,103,132,158,155,-169,-126,-68,-21,0,27,71,105,112,105,108,122,128,-166,-135,-70,17,77,88,98,126,142,131,111,101,96,78,-128,-116,-87,-12,89,150,157,152,161,164,148,121,97,72,-162,-119,-76,-54,-32,26,109,161,168,160,163,161,143,122,100,63,-180,-143,-95,-49,-21,-1,38,100,141,142,134,143,142,124,117,108,-152,-143,-117,-82,-44,-10,15,50,107,144,132,113,117,111,94,96,95,-104,-102,-109,-106,-80,-34,13,44,64,97,127,120,101,94,78,56,46,37,-74,-67,-81,-107,-106,-64,-4,43,67,64,57,71,91,101,97,75,40,0,-23,-41,-48,-80,-103,-74,-13,31,44,50,55,51,57,89,126,133,104,55,-1,-42,-42,-53,-74,-79,-41,9,21,4,10,43,67,77,103,139,140,104,-65,-42,-55,-61,-56,-48,-26,-1,-3,-19,-7,30,63,82,100,120,-124,-34,-12,-39,-50,-33,-11,5,11,-2,-17,2,46,83,97,18,47,11,-16,-5,26,54,49,14,-3,29,88,55,109,77,33,26,50,80,72,26,8,49,133,121,75,54,59,77,67,27,116,130,100,74,64,67,87,133,120,94,79,70,145,143,64,160,172,157,-100,-24,140,-109,30,165,-140,-64,39,146,-93,-44,12,96,180,-95,-55,-37,2,78,-73,-61,-48,10,103,-94,-75,-71,-47,26,-116,-86,-69,-45,-4,59,-120,-82,-67,-52,-14,37,-105,-65,-36,-26,-18,14,55,-101,-45,0,18,18,21,42,-115,-67,10,66,69,50,45,48,-171,-105,-73,-34,33,82,83,68,62,-176,-113,-48,-18,9,48,71,73,75,-162,-115,-83,-35,16,47,79,99,91,80,82,-183,-155,-98,-31,17,50,78,104,135,142,114,90,-134,-138,-113,-51,37,103,119,124,140,155,140,104,-95,-99,-98,-72,-3,98,164,161,143,148,151,-111,-90,-67,-53,-42,-14,51,142,189,171,136,128,-147,-121,-75,-27,8,23,36,76,135,162,145,113,-155,-167,-153,-118,-61,0,47,56,45,57,98,122,111,-118,-125,-114,-91,-48,3,44,49,30,36,78,-26,-55,-57,-60,-64,-50,-16,16,26,22,24,16,-2,-14,-42,-76,-78,-42,-3,15,24,16,41,26,1,-42,-86,-88,-47,-7,9,32,13,-4,-26,-60,-63,18,30,-5,-14,-3,-46,54,64,13,-10,-11,102,118,59,11,-22,33,16,133,166,111,47,77,82,30,-13,127,177,140,83,52,51,70,70,93,150,141,106,76,62,55,133,156,134,102,132,187,125,207,208,101,203,166,-72,-147,17,193,-94,79,225,-149,-30,110,216,257,-182,-92,5,94,170,-115,-57,-7,40,-104,-58,-40,-25,15,-70,-48,-46,-30,-100,-70,-58,-48,-14,-122,-90,-74,-55,-22,-101,-74,-59,-56,-40,0,-86,-52,-23,-3,0,-12,-21,-94,-46,-3,48,76,63,26,-132,-53,-10,39,107,135,99,43,-235,-177,-81,-6,29,67,116,126,84,-181,-164,-127,-74,-5,42,56,71,90,82,-148,-153,-136,-73,1,48,79,86,76,81,-111,-111,-110,-76,4,92,138,140,116,92,-78,-63,-57,-56,-33,27,108,158,151,-78,-75,-66,-46,-33,-27,-12,29,94,-81,-85,-83,-65,-36,-12,7,28,58,-93,-107,-101,-82,-47,-7,28,49,-49,-99,-111,-97,-73,-36,8,46,-13,-59,-66,-62,-55,-32,2,48,38,5,-5,-20,-38,71,81,53,28,-7,74,100,77,46,62,92,72,51,-24,68,90,58,-2,97,115,35,137,156,65,165,187,119,69,162,185,129,144,169,139,124,176,181,88,180,222,206,50,161,232,234,135,226,247,108,211,181,-70,61,-148,-19,145,271,-121,18,161,253,-174,-70,52,148,202,-180,-114,-30,59,116,-111,-74,-36,17,-114,-76,-67,-58,-24,-95,-78,-76,-61,-124,-89,-84,-73,-39,-133,-89,-73,-76,-60,-111,-76,-54,-41,-43,-58,-101,-51,-13,9,13,0,-35,-121,-55,-18,17,58,69,37,-231,-164,-62,7,32,59,99,-182,-188,-157,-72,25,77,84,87,-65,-95,-116,-93,-23,61,117,117,89,-54,-43,-62,-54,15,111,169,166,-91,-74,-34,-15,-15,9,76,152,178,-65,-53,-40,-8,15,22,29,46,-16,-42,-50,-51,-40,-11,15,25,2,-13,-43,-64,-71,-56,-24,9,0,-32,-63,-78,-77,-56,-26,10,16,-22,-48,-62,-66,49,53,21,1,-25,79,91,67,42,95,113,93,9,91,116,100,-1,81,111,11,98,122,38,127,146,66,153,172,85,166,181,95,165,165,101,165,162,120,154,182,173,120,186,209,88,169,212,208,63,158,218,220,147,231,237,134,222,-48,-80,46,171,-42,97,224,299,-126,-12,103,190,-140,-69,15,95,135,-70,-19,26,81,-80,-37,-23,-7,-115,-58,-54,-67,-54,-101,-64,-86,-95,-202,-155,-90,-71,-94,-89,-152,-125,-89,-54,-52,-76,-135,-73,-30,-12,-8,-25,-141,-82,-25,15,32,23,-191,-150,-89,-32,-2,22,47,-186,-164,-99,-14,38,37,31,-61,-95,-125,-123,-63,25,96,112,-8,1,-29,-53,-24,68,157,181,-106,-68,-1,31,15,10,59,143,-86,-81,-52,12,53,49,43,-4,-40,-44,-37,-19,22,51,39,38,-3,-20,-19,-6,18,-22,47,34,-8,-30,-25,-4,-4,36,7,-29,-43,-27,21,47,20,-9,57,77,57,77,90,73,-11,74,83,-6,63,68,7,72,77,56,118,120,99,165,166,110,179,182,115,177,173,130,183,163,132,186,168,93,157,167,145,120,155,151,114,159,161,115,180,193,169,91,182,218,201,169,214,210,169,-93,27,-135,-24,110,225,-94,21,143,245,-132,-48,37,122,-139,-57,4,46,91,-70,7,42,56,-106,-18,29,33,-76,-6,0,-14,-139,-64,-29,-52,-166,-149,-106,-55,-49,-84,-133,-95,-66,-39,-22,-42,-145,-79,-13,28,36,14,-141,-94,-21,46,82,74,-182,-157,-108,-46,21,65,-130,-149,-148,-114,-59,4,52,-28,-29,-57,-83,-70,-10,45,75,-63,-8,13,-1,-18,9,76,-111,-112,-72,0,42,32,17,-36,-73,-89,-88,-56,10,50,21,19,-33,-54,-52,-34,0,-41,62,56,-3,-28,-22,-13,66,50,0,-13,0,50,29,7,49,40,30,60,57,-39,42,48,-27,40,31,-9,45,27,24,72,54,79,124,112,125,176,168,139,192,177,150,191,160,164,202,163,149,203,178,96,162,160,52,120,134,129,156,134,150,200,182,136,201,193,150,176,180,152,141,158,118,-113,-52,81,-87,10,129,226,-141,-54,42,145,-169,-93,-23,41,123,-115,-35,11,40,-129,-49,15,41,-162,-77,9,53,52,-144,-55,26,49,-188,-169,-116,-44,1,-137,-135,-113,-66,-23,-26,-100,-67,-39,-12,9,5,-99,-57,6,63,91,75,-138,-104,-58,-7,63,126,-151,-134,-94,-37,13,70,-94,-118,-128,-116,-78,-30,3,-68,-48,-48,-65,-79,-64,-27,0,-98,-73,-36,-15,-20,-28,-18,-66,-92,-100,-69,-17,8,-35,-22,-55,-77,-80,-54,-14,-83,19,25,-30,-60,-61,-48,54,46,-19,-49,-23,48,30,-13,37,23,-10,43,45,0,41,50,-51,10,23,-24,30,21,12,56,36,42,76,58,68,99,91,103,139,132,130,164,144,152,174,134,164,186,142,135,180,156,80,141,138,52,119,128,69,144,168,167,211,190,151,195,167,120,158,139,100,140,140,124,131,138,-58,-107,-20,107,-120,-65,14,114,-105,-47,33,125,-141,-77,-25,42,-178,-100,-42,-4,-175,-107,-40,-2,16,-179,-128,-48,24,51,-180,-166,-109,-22,55,-163,-174,-150,-84,-5,41,-105,-113,-116,-88,-27,20,-65,-46,-22,-2,21,43,-98,-56,-19,16,62,98,-108,-70,-21,25,56,90,-130,-132,-103,-65,-17,23,31,-89,-112,-123,-110,-83,-47,-19,-75,-78,-87,-94,-92,-78,-64,-82,-75,-60,-49,-48,-17,-34,-68,-81,-63,-36,-37,3,-20,-56,-69,-51,-103,9,39,-7,-53,-67,38,45,-46,29,19,-29,30,16,-15,47,42,-6,41,43,-40,8,27,-10,37,33,21,56,42,38,62,44,43,65,47,62,86,69,85,109,91,104,125,101,118,144,118,99,141,128,54,109,110,52,115,121,92,162,178,182,209,184,155,177,139,118,135,104,114,132,119,103,159,151,167,-96,14,-126,-65,26,132,-119,-80,-45,23,106,-98,-60,-32,33,-185,-101,-53,-16,-225,-154,-78,-40,-11,-203,-150,-75,-18,-7,-171,-143,-75,0,50,-145,-143,-106,-33,45,-128,-135,-129,-90,-13,60,-85,-86,-86,-80,-47,17,-74,-46,-31,-19,-8,4,-107,-66,-13,25,40,47,-112,-84,-40,15,53,50,-125,-112,-72,-27,10,21,-80,-104,-126,-118,-84,-51,-81,-80,-91,-105,-105,-90,-69,-80,-73,-68,-66,-21,-30,-65,-78,-65,-48,-56,0,-10,-54,-79,-5,35,-1,-54,-70,30,47,-49,29,28,-25,35,19,-1,48,27,11,41,19,-1,32,35,1,18,57,41,28,58,32,36,57,21,32,54,17,28,55,32,28,62,55,33,74,74,57,105,104,69,125,124,48,108,109,56,116,117,100,159,165,177,190,155,150,163,121,116,129,101,118,130,119,109,159,154,169,171,-77,-132,-26,101,-134,-87,-9,96,176,-63,-42,-10,62,-109,-30,-13,-5,-212,-122,-42,-17,-1,-232,-177,-94,-34,-24,-207,-170,-92,-17,11,-147,-135,-84,-2,56,-112,-101,-76,-24,47,95,-98,-81,-67,-50,-16,41,-69,-55,-38,-31,-28,-78,-45,-22,-4,0,-8,-116,-97,-59,-8,26,16,-105,-107,-93,-60,-11,19,-112,-118,-97,-65,-38,-92,-118,-127,-101,-60,-87,-90,-101,-112,-102,-44,-72,-85,-81,-79,-57,-43,-64,-77,-73,-94,-39,-30,-54,-77,-33,-1,-18,-58,15,30,-40,26,32,-16,28,17,5,29,0,19,25,-11,50,36,-10,40,81,51,43,80,40,48,71,23,43,68,25,23,67,50,4,63,68,-1,60,69,20,82,89,48,112,115,49,110,111,93,54,107,109,126,129,115,136,142,119,120,131,107,106,119,107,111,124,123,136,138,139,133,131,113,-151,-33,-89,25,162,-81,-47,31,150,-72,-17,-19,7,-155,-40,24,9,-2,-222,-137,-30,24,8,-230,-179,-80,3,19,-167,-159,-96,-1,51,-112,-96,-66,-10,56,-88,-62,-33,-4,27,62,-85,-45,-12,6,9,-44,-35,-9,13,16,-50,-19,-5,8,4,-129,-123,-92,-57,-27,-7,-126,-128,-129,-117,-98,-70,-108,-130,-128,-111,-95,-77,-106,-128,-127,-104,-58,-90,-104,-108,-109,-34,-56,-91,-98,-87,-63,-30,-43,-73,-85,-94,-49,-23,-29,-46,-20,-16,-4,10,-7,-34,11,22,-17,9,7,-3,4,-18,9,6,-27,43,28,-10,82,53,4,45,87,50,-10,52,76,31,57,81,43,40,94,85,18,89,100,74,10,71,76,53,70,69,47,86,89,70,93,97,84,91,92,84,91,91,87,88,91,90,86,92,92,93,101,100,98,109,112,111,107,112,103,87,82,79,-109,-94,-30,69,-89,-13,12,63,167,-134,-15,41,12,9,-195,-92,26,66,12,-231,-162,-47,46,54,-175,-91,16,63,-111,-108,-79,-9,63,-90,-67,-39,-8,27,57,-81,-53,-28,-2,7,-68,-49,-22,1,9,-38,-25,-23,-11,3,-84,-40,-16,-19,-21,-156,-130,-90,-65,-60,-173,-171,-155,-134,-122,-137,-157,-151,-139,-134,-86,-118,-129,-125,-36,-78,-104,-102,-7,-28,-85,-106,-30,3,-19,-79,-58,-16,11,-1,-36,-3,12,-12,7,0,0,9,-13,-12,-2,-3,-5,-2,-19,3,2,-21,29,17,-8,60,41,5,63,40,-9,54,22,-23,74,46,11,99,94,69,97,105,86,77,75,60,64,53,37,73,67,46,95,88,63,102,89,66,87,80,69,74,78,81,80,86,84,90,95,84,94,101,87,106,78,62,95,62,42,59,-145,-58,-136,-40,38,116,-146,-28,69,92,105,-65,63,117,63,-127,-10,89,89,-176,-86,18,63,-130,-99,-20,42,-110,-71,-49,-20,22,39,-105,-72,-42,-19,-8,-3,-95,-72,-57,-45,-35,-68,-63,-56,-57,-52,-68,-53,-46,-55,-64,-106,-84,-66,-63,-73,-158,-146,-124,-112,-110,-156,-179,-169,-151,-145,-113,-146,-156,-144,-140,-51,-80,-110,-110,-107,-15,-5,-51,-89,-91,19,3,-65,-105,-10,27,-3,-81,-49,0,33,14,-35,10,39,-11,15,19,0,4,-15,3,2,-6,-29,6,15,-1,15,25,2,29,27,0,44,37,-1,40,32,-9,35,22,-3,65,50,37,95,87,72,91,90,72,77,70,52,71,55,34,81,64,34,107,85,46,118,94,59,101,92,74,91,97,88,95,105,84,93,101,66,94,105,61,119,67,19,111,68,25,78,64,-104,-96,14,98,141,-82,47,145,152,-93,27,156,183,-126,-45,72,144,-137,-97,-22,44,40,-92,-67,-35,0,0,-90,-45,-18,-5,-9,-100,-70,-50,-38,-45,-98,-87,-87,-93,-84,-85,-86,-103,-89,-91,-90,-94,-90,-97,-119,-129,-109,-107,-117,-153,-109,-126,-123,-130,-84,-102,-109,-106,-36,-53,-75,-80,-6,12,-27,-71,-26,32,26,-39,-8,38,15,-4,41,26,-38,16,49,-3,31,36,6,17,1,12,11,-10,10,35,28,-2,29,54,34,45,55,19,50,50,6,47,46,5,48,47,24,73,69,57,95,86,68,87,77,51,79,67,36,86,70,39,91,75,46,97,77,49,106,86,62,111,101,83,119,119,93,116,128,85,93,118,65,87,115,59,130,77,19,134,98,46,107,99,69,-153,-52,57,114,-31,96,170,145,-33,90,205,198,-56,16,125,172,-66,-26,23,55,-104,-61,-20,7,3,-119,-82,-46,-10,-3,-111,-101,-91,-84,-66,-81,-104,-111,-125,-140,-85,-100,-112,-116,-137,-91,-106,-122,-124,-118,-64,-82,-109,-148,-162,-53,-65,-80,-109,-167,-47,-48,-70,-82,-110,-64,-40,-45,-59,-73,-39,-37,-52,-66,-9,9,-22,-71,-14,40,41,-15,-1,51,40,3,48,35,26,48,24,2,45,42,7,38,26,8,34,22,30,47,27,21,57,55,18,45,65,42,57,62,27,72,73,31,79,83,46,85,90,62,94,90,64,87,77,43,87,71,28,108,84,45,110,90,67,93,80,71,91,84,78,113,109,92,141,142,105,137,159,105,102,148,95,81,128,87,25,128,96,48,142,122,81,128,129,115,86,102,-124,-28,46,-97,-13,80,114,-69,-5,101,177,141,-72,-32,48,147,166,-83,-48,-1,54,81,-104,-65,-17,16,14,-130,-122,-104,-66,-17,-7,-93,-116,-128,-133,-112,-62,-89,-122,-148,-168,-73,-77,-102,-127,-147,-86,-96,-114,-126,-69,-80,-96,-126,-41,-56,-73,-95,-17,-14,-42,-65,-43,-7,-7,-28,-38,-29,-44,-5,5,-28,53,54,-2,13,72,68,12,62,48,24,44,10,-7,38,34,-16,0,41,32,1,39,30,21,51,34,53,70,42,67,67,27,49,72,50,1,86,101,55,94,113,62,89,106,63,96,103,63,96,92,48,100,82,36,121,89,52,123,94,77,98,89,94,85,96,107,108,127,122,144,169,138,146,186,138,113,163,121,82,127,107,43,115,102,61,132,118,83,131,124,107,99,91,91,57,-95,-19,-81,-19,38,35,-57,5,83,118,-86,-29,71,152,-106,-78,-7,83,-133,-123,-95,-58,-10,-128,-134,-123,-90,-53,-115,-139,-151,-144,-110,-70,-103,-139,-163,-163,-48,-50,-80,-112,-86,-52,-51,-69,-98,-75,-61,-64,-61,-62,-71,-90,-18,-12,-31,-63,-7,20,17,-5,2,5,-19,11,23,-12,54,60,5,11,76,82,20,2,64,57,0,33,7,11,20,-23,24,23,-25,-2,29,21,-18,22,49,31,55,80,54,67,78,41,74,53,0,71,102,53,-12,79,112,55,84,108,50,104,113,53,111,107,52,108,94,52,112,92,68,105,90,85,81,90,104,74,109,126,101,145,142,135,181,152,145,188,145,124,153,116,115,97,39,108,91,42,122,93,46,125,97,66,63,95,75,83,95,-79,-19,26,-53,-4,49,61,-83,-22,72,117,-112,-107,-85,2,103,-110,-120,-112,-103,-82,-22,-101,-114,-117,-106,-94,-91,-95,-108,-129,-131,-110,-63,-50,-85,-123,-136,0,0,-38,-82,-45,9,8,-21,-96,-48,-18,-25,-63,-43,-47,-17,-5,-16,-57,15,40,35,6,35,39,11,8,38,19,-31,28,58,28,51,76,31,-13,50,55,2,-16,31,18,-4,29,2,15,41,5,35,51,13,62,67,32,37,78,74,43,40,57,41,49,31,-4,73,32,-21,46,79,28,-24,69,84,20,114,112,39,138,133,69,126,128,89,107,119,104,87,107,106,64,98,106,67,114,118,101,140,125,132,160,124,148,169,122,136,144,104,112,86,43,107,78,32,112,73,25,114,81,53,54,95,90,103,-119,-110,-87,-27,-68,-74,-42,-9,-17,-60,-62,-29,26,32,-107,-84,-69,-46,21,81,-107,-104,-89,-75,-49,3,-84,-93,-96,-85,-77,-52,-61,-89,-100,-14,7,-30,-83,-19,56,63,9,0,63,63,-61,-8,26,14,-29,-3,-6,4,22,14,-31,3,43,47,15,18,39,22,-25,24,32,-3,-11,49,53,17,67,53,47,65,25,3,65,63,7,71,63,22,81,62,62,108,73,96,129,85,81,103,68,6,38,44,20,19,1,49,27,-13,55,25,-14,61,20,-10,104,106,52,11,141,148,97,49,129,151,118,77,140,125,96,83,131,127,102,73,126,126,81,135,134,106,138,130,128,138,118,146,153,123,149,122,91,112,95,74,95,79,61,103,81,62,112,96,91,97,103,124,95,-126,-100,-74,-97,-81,-64,-19,-40,-51,-38,-47,-69,-34,-12,-4,10,-120,-98,-77,-55,-28,-2,-70,-63,-68,-71,-60,-45,-6,-12,-45,-62,27,54,18,-38,5,86,96,37,26,89,87,-27,27,62,45,0,35,40,16,41,44,10,36,57,32,-14,27,32,1,9,40,17,-25,51,83,42,6,75,90,60,92,67,109,114,57,33,116,118,32,110,107,82,142,116,128,169,122,102,133,88,50,70,37,8,39,32,47,49,10,60,51,9,66,55,20,99,82,40,130,114,67,131,124,86,120,122,95,128,131,99,152,155,112,173,184,149,167,183,178,109,146,160,113,148,155,166,145,151,146,104,113,114,81,92,104,99,107,117,116,123,133,139,119,141,107,-111,-62,-88,-90,15,-16,-54,-76,-2,32,40,19,-13,-100,-51,-8,9,20,19,-46,-30,-18,-10,-7,30,29,6,-3,53,82,51,0,14,94,104,46,38,100,93,-17,50,94,72,1,59,85,0,33,60,51,19,54,49,-33,22,47,27,8,54,49,63,110,82,16,95,125,77,121,101,134,149,87,135,148,84,20,108,121,62,124,115,115,156,120,107,147,106,74,114,80,71,84,51,47,77,52,24,63,77,44,68,86,57,84,106,73,103,127,92,107,138,109,101,133,112,116,138,108,158,174,125,200,225,176,206,242,215,177,213,209,154,185,189,139,167,173,110,134,146,104,124,139,122,140,150,131,142,147,134,136,141,129,-22,-44,35,42,19,-29,-80,52,77,67,34,-19,13,75,75,51,22,6,50,78,64,53,70,67,74,62,100,84,44,84,110,60,18,95,105,38,46,115,113,-4,70,125,108,27,77,91,2,55,72,18,66,63,0,62,81,64,123,112,26,112,148,114,87,146,131,134,168,110,120,152,100,-14,77,110,84,10,74,85,63,110,91,88,142,113,89,150,126,89,128,106,88,96,77,46,93,90,71,56,109,102,72,130,116,94,153,134,107,166,145,107,155,131,119,150,117,153,181,136,199,237,192,218,268,236,196,245,227,169,207,199,156,187,187,149,172,172,160,174,167,168,183,172,156,167,153,143,127,125,137,126,0,15,32,59,53,5,63,81,73,52,6,55,119,106,63,40,109,149,121,58,108,134,147,41,102,123,107,56,111,93,45,-14,79,126,76,33,129,159,0,86,160,163,46,113,138,7,78,113,98,24,89,100,-6,68,107,90,59,128,131,113,156,128,83,148,145,113,160,122,92,139,105,56,102,87,51,77,61,21,83,81,58,132,119,81,162,155,87,153,146,94,134,122,115,140,113,59,138,148,98,80,161,158,105,184,177,121,187,173,126,165,133,131,152,110,148,173,134,181,222,192,201,259,242,189,249,240,179,224,213,183,213,196,187,208,185,193,211,186,192,217,193,177,196,172,159,133,122,144,122,-5,22,73,89,50,83,101,106,84,68,127,130,107,64,140,183,162,55,132,185,198,93,158,175,172,27,113,143,123,73,152,136,32,146,197,141,0,101,190,205,60,145,185,17,100,153,154,38,110,131,77,123,108,55,125,140,95,143,128,125,136,92,87,140,124,79,136,114,68,127,108,75,120,98,100,125,93,43,136,153,63,166,183,81,175,182,111,179,163,143,190,154,163,188,135,93,183,191,115,204,207,134,202,196,143,178,147,141,160,118,144,170,137,165,209,190,179,241,236,172,237,236,169,221,210,179,214,192,186,212,190,186,219,202,188,229,212,191,218,193,186,153,163,-14,28,102,148,57,119,170,197,185,70,141,184,196,209,147,205,208,188,134,215,235,212,89,188,238,231,16,130,205,212,77,184,205,40,162,227,188,113,218,237,54,164,233,238,101,183,215,45,121,160,161,82,133,125,44,119,148,116,74,131,140,105,136,111,70,136,144,87,82,156,148,91,169,150,111,181,154,136,192,162,54,158,205,172,61,174,213,79,192,212,118,209,195,148,216,179,164,208,163,94,185,206,148,118,208,217,138,213,211,147,200,181,142,187,164,143,193,178,160,220,215,170,237,240,161,227,227,150,210,204,157,206,199,173,216,213,187,235,235,197,251,244,253,229,178,236,202,204,72,126,193,195,153,226,262,241,163,238,270,278,145,235,260,242,124,240,281,252,88,217,305,301,149,268,301,68,207,268,247,35,162,247,236,124,240,267,61,191,283,282,104,217,274,42,128,188,201,84,148,152,35,124,177,162,67,147,187,97,159,163,137,173,127,88,177,186,109,115,205,197,141,223,203,159,232,204,170,234,201,71,181,232,186,76,194,228,100,205,212,123,207,190,142,200,174,172,200,159,121,203,213,159,129,210,216,133,206,214,135,212,223,172,226,238,182,166,240,250,175,240,249,158,224,233,143,216,224,154,228,237,189,251,260,210,270,275,228,285,280,229,297,281,218,294,269,41,108,181,194,147,235,272,242,170,267,307,300,147,269,308,279,113,265,333,296,82,242,361,361,158,319,374,44,218,323,317,143,264,287,114,244,291,70,203,308,305,115,239,304,45,144,215,229,97,179,196,151,228,227,72,183,250,92,187,220,125,186,162,178,204,132,136,227,231,169,252,240,171,248,226,169,239,207,184,236,188,73,192,232,79,192,219,98,193,202,127,193,188,166,199,173,198,215,169,197,222,181,200,239,210,227,270,235,251,283,234,258,274,227,252,264,231,238,256,225,245,265,220,271,288,228,286,301,244,287,296,247,294,296,243,315,308,321,-25,68,135,166,132,227,263,236,174,286,329,313,154,301,348,311,100,284,375,333,58,245,389,395,155,345,414,33,234,372,368,135,291,343,90,236,311,52,187,300,305,119,248,309,56,172,256,261,127,228,260,193,286,292,89,230,310,104,229,277,126,215,216,178,228,177,143,238,257,183,268,265,183,260,244,175,243,217,186,237,198,68,192,231,186,76,192,220,97,197,215,133,211,216,172,227,215,199,243,213,199,251,223,210,272,256,242,305,287,268,317,283,278,311,273,278,307,281,274,307,276,292,325,273,314,347,292,310,345,305,296,325,291,295,314,273,311,320,276,-56,32,97,154,127,208,245,240,182,298,336,320,156,324,380,342,88,302,414,372,28,239,415,435,148,351,441,57,255,399,404,160,322,383,92,248,336,31,186,307,317,118,270,329,203,312,309,153,274,326,227,334,340,116,276,359,139,283,332,161,271,287,203,279,257,139,250,293,240,172,268,284,182,262,258,186,257,239,195,256,230,195,242,214,82,196,225,197,110,213,231,147,242,256,181,270,281,203,291,294,216,305,302,234,321,319,254,338,337,268,346,337,281,351,338,293,358,351,307,370,355,335,396,358,349,413,379,339,403,390,321,377,366,306,350,332,309,345,329,-49,-7,69,159,102,169,221,255,173,284,323,320,154,329,399,375,96,323,447,425,30,259,456,490,161,376,488,95,279,420,442,43,202,351,403,132,295,376,49,231,360,367,143,319,383,82,239,374,375,159,307,384,235,362,375,135,301,392,176,328,377,208,328,347,239,332,328,261,328,304,152,261,304,168,259,282,197,278,284,224,298,292,226,286,272,222,265,240,116,237,268,144,264,296,176,299,339,208,338,370,242,365,378,268,376,378,275,376,379,274,372,380,281,374,382,297,382,390,318,402,410,339,428,422,347,439,429,348,438,439,334,416,422,383,387,363,379,385,379,-42,-13,70,178,102,166,229,291,183,296,344,349,172,342,430,429,120,338,463,475,56,290,479,513,7,189,414,524,123,309,451,74,243,383,422,181,355,425,97,291,428,428,188,368,435,104,277,419,425,170,340,430,243,388,413,137,312,415,201,353,409,250,370,388,279,372,368,287,358,341,159,283,338,173,282,328,203,300,335,237,319,341,255,320,320,265,320,294,135,274,325,288,155,290,340,190,331,379,230,379,412,269,406,412,297,410,400,301,400,395,300,396,405,315,406,414,333,419,423,338,435,444,332,441,451,321,430,442,327,432,449,329,422,438,414,400,412,388,406,415,-11,33,121,226,72,146,215,279,341,102,237,351,398,395,41,224,386,474,483,-25,157,367,476,503,78,314,487,507,30,221,436,526,161,351,475,107,294,430,448,234,415,476,144,345,480,472,225,401,462,130,305,432,204,369,442,92,274,409,422,152,337,432,229,384,434,291,408,416,321,411,396,328,401,381,183,330,393,191,322,383,198,310,365,213,306,347,238,315,332,270,344,335,299,374,353,189,330,396,230,379,430,264,420,451,288,433,442,304,428,423,306,415,419,312,420,438,342,447,462,372,474,478,378,493,498,367,492,508,346,465,495,344,453,485,351,445,467,461,424,440,429,416,432,-69,-34,42,11,93,191,286,109,198,274,332,373,153,296,404,438,415,108,291,434,503,21,224,421,496,-33,128,361,510,83,281,466,522,42,228,413,496,159,361,482,97,296,469,510,191,401,516,66,266,444,486,152,342,458,244,404,454,124,319,436,188,379,456,264,421,460,319,438,438,345,441,419,354,439,421,188,358,437,430,202,352,422,204,330,388,206,315,358,220,324,354,251,358,380,301,406,419,366,454,439,429,493,442,462,508,435,468,497,413,462,482,391,445,472,399,301,443,483,335,473,509,376,506,527,402,531,549,419,549,579,410,532,574,567,396,506,547,553,488,523,533,459,497,500,425,463,-93,-21,-63,8,106,208,2,64,152,247,319,69,169,258,316,352,87,223,361,443,442,45,205,371,478,507,110,326,480,505,25,221,437,530,158,360,505,101,306,470,512,30,223,428,521,136,351,508,29,238,446,528,90,322,489,180,396,503,84,284,453,497,168,369,482,241,425,492,298,452,486,338,459,461,360,461,441,364,456,440,360,444,440,207,363,433,225,362,417,228,357,400,226,354,396,239,369,414,292,417,454,373,482,485,445,535,495,482,556,495,497,555,483,503,550,469,492,542,469,487,544,493,508,562,523,369,526,564,529,404,539,571,538,568,612,585,567,624,613,541,595,598,525,579,584,498,557,554,506,-123,-75,-35,56,29,97,190,270,107,174,230,283,46,166,284,343,345,70,197,338,451,477,160,333,464,520,53,243,434,516,-23,132,343,506,67,257,439,528,183,388,510,88,305,493,546,199,413,540,84,304,481,523,152,386,505,14,237,447,510,121,340,495,225,422,517,291,462,515,332,478,505,368,489,489,390,490,468,384,469,449,367,442,435,370,433,428,239,382,435,235,377,429,221,366,424,231,376,437,288,426,472,360,488,505,424,540,525,464,568,537,481,572,537,498,576,534,517,588,539,535,606,553,551,618,564,548,601,556,546,589,557,571,629,605,575,656,647,557,639,643,630,628,601,612,598,551,-99,-56,-35,34,12,38,84,169,27,118,173,222,276,10,133,253,307,311,298,143,285,403,422,365,175,311,437,513,493,136,296,441,520,25,199,389,514,525,71,277,465,549,165,373,511,76,291,473,537,201,412,550,115,316,497,572,187,404,530,18,250,463,523,81,325,500,189,413,527,283,470,529,327,487,518,359,501,520,399,520,520,410,513,498,389,479,463,368,444,437,368,432,427,228,374,429,217,363,420,207,361,428,237,397,463,302,455,501,361,504,525,413,547,547,446,575,569,451,577,579,461,578,584,501,602,594,539,631,603,551,638,603,547,623,602,555,625,618,579,667,664,580,694,702,569,685,702,683,675,688,662,650,654,-57,-22,22,27,56,99,155,35,126,174,213,253,16,131,248,304,319,313,37,121,253,370,401,362,58,151,257,377,469,466,165,291,394,472,521,105,265,407,489,512,147,341,486,536,7,200,405,536,82,293,476,555,13,205,415,547,124,335,515,587,225,439,571,302,509,587,115,360,547,176,420,564,266,482,570,334,514,557,353,510,537,376,518,536,409,530,536,404,512,512,372,477,478,352,447,450,348,429,430,192,351,421,420,195,353,419,208,371,437,253,423,482,314,478,513,367,521,538,420,571,580,453,608,620,445,610,638,434,600,644,460,607,642,490,613,633,495,605,624,505,609,639,540,644,677,573,693,720,715,747,717,709,754,745,693,744,735,648,701,-52,-73,-12,55,-3,55,101,153,-8,70,141,175,198,208,-3,48,143,236,269,268,69,133,239,339,365,89,164,243,345,428,77,184,281,355,428,140,284,392,443,474,55,215,375,468,486,97,279,440,512,148,335,480,537,48,234,419,528,126,343,518,581,218,443,581,94,314,522,606,158,394,577,212,450,605,272,494,612,342,532,607,182,385,543,588,193,388,527,195,395,521,208,409,518,199,393,491,176,362,463,163,343,447,154,330,435,158,340,440,184,368,456,217,399,474,262,440,500,313,480,513,358,521,547,408,583,618,441,628,673,429,628,688,409,612,686,414,600,672,422,579,649,418,557,629,435,561,633,480,599,662,664,653,706,688,689,750,737,698,779,785,678,774,784,718,-4,-23,69,-83,-10,84,-27,50,128,192,-10,52,127,183,208,216,19,63,122,193,241,239,214,91,136,182,246,297,285,94,156,204,249,312,363,153,229,277,322,385,70,210,316,365,395,101,268,395,445,9,168,344,464,491,67,241,412,509,124,304,456,522,190,376,507,76,252,448,563,123,320,505,589,188,396,549,253,458,578,112,306,497,596,161,362,528,600,209,409,546,249,431,541,261,430,525,248,424,513,232,413,497,214,389,466,199,366,442,183,349,436,158,332,441,158,346,463,196,387,489,225,415,498,255,439,502,303,468,508,339,504,549,371,560,628,390,593,675,378,582,669,654,567,657,645,559,652,650,544,647,661,529,637,663,523,619,648,525,604,627,557,629,639,612,698,712,650,760,785,641,766,790,705,22,122,-46,18,123,-39,18,119,204,-29,-11,52,150,226,270,15,56,129,212,256,266,47,91,144,207,260,270,242,124,182,227,258,283,280,120,201,260,285,286,294,172,263,306,312,307,317,51,198,312,347,336,337,38,210,353,401,383,75,251,401,462,152,323,461,514,64,217,389,512,109,269,438,542,161,326,483,562,206,375,516,96,258,420,531,135,319,465,532,180,367,492,216,398,505,255,433,521,290,455,526,314,461,521,321,464,520,309,458,516,280,433,492,253,402,454,237,382,429,217,364,426,190,344,430,191,352,448,221,387,472,232,404,474,244,412,469,285,435,482,310,464,529,499,589,597,512,611,624,500,603,618,501,606,622,512,620,638,521,641,661,535,659,679,535,640,662,501,588,616,491,575,602,540,641,670,597,720,749,609,743,762,688,89,172,40,89,165,242,8,40,85,153,228,260,12,35,58,95,156,227,257,263,46,82,111,145,199,261,282,85,141,187,224,267,307,303,54,138,209,263,293,313,323,111,206,278,326,340,328,180,282,343,365,355,321,88,224,348,402,385,345,72,225,377,443,408,74,227,385,462,437,129,277,419,491,61,189,340,463,521,87,218,369,489,119,246,390,510,157,290,429,536,190,333,461,549,222,378,482,262,427,502,303,463,512,326,477,515,344,487,522,361,491,525,366,488,523,364,487,522,358,484,523,335,460,499,305,426,454,279,403,428,255,385,428,233,363,423,229,359,423,245,384,444,248,402,460,252,409,466,276,425,491,279,434,528,561,435,548,590,432,550,593,442,563,604,475,595,623,503,619,636,526,645,656,563,679,683,576,676,682,538,626,639,509,596,608,532,636,647,572,699,710,641,590,729,737,685,59,78,142,210,108,128,142,183,243,-8,61,120,148,164,187,227,271,21,81,131,158,176,191,210,236,44,110,161,191,208,217,224,235,54,135,199,244,269,274,270,-14,76,171,249,308,338,333,316,9,116,224,307,360,380,363,57,173,284,356,387,388,119,243,350,410,412,380,150,281,396,466,461,138,276,408,498,506,148,291,422,506,192,341,462,526,86,216,366,483,535,104,226,364,470,518,130,251,369,460,163,288,393,475,180,316,416,486,175,332,437,488,183,359,471,501,203,394,507,213,413,527,225,423,538,242,428,542,242,418,529,233,406,506,225,395,488,207,371,466,486,335,434,452,302,411,433,277,399,441,260,384,438,251,378,430,257,400,454,264,425,491,270,440,519,279,450,549,438,561,612,408,545,607,401,537,596,438,562,604,489,598,609,519,617,607,539,638,626,574,674,664,593,685,678,570,657,651,548,634,624,552,654,650,559,686,695,701,-4,49,76,122,70,126,151,170,198,229,-35,47,136,208,230,221,215,228,20,100,177,238,255,232,200,189,0,78,153,216,258,269,247,202,34,109,185,248,287,300,287,242,39,113,195,265,315,343,342,44,131,225,301,357,391,391,72,172,277,355,402,422,118,228,333,399,421,415,67,171,298,395,437,437,89,205,341,432,464,468,82,202,335,432,476,69,200,342,449,497,82,223,372,482,526,107,243,383,490,534,123,255,381,476,513,136,275,387,460,155,303,404,455,164,312,409,449,153,298,403,447,145,294,418,472,134,299,445,509,115,301,461,537,314,477,559,321,482,570,302,460,545,275,433,502,253,410,475,227,383,458,192,350,437,155,317,420,453,287,407,454,272,400,451,270,407,458,275,429,489,279,448,524,277,457,550,278,460,568,267,443,563,411,542,594,413,538,583,460,560,576,506,582,561,524,594,556,534,618,590,558,657,648,582,684,680,581,678,667,570,663,650,564,666,668,629,660,678,635,62,90,53,110,162,198,212,-16,56,135,207,252,264,254,245,-33,34,111,190,261,288,268,233,10,89,161,223,273,281,244,-6,69,148,216,261,280,269,45,122,189,247,284,293,1,88,158,216,263,295,34,121,197,261,302,323,59,155,242,315,354,367,84,185,286,364,401,403,115,215,326,409,440,135,237,348,430,453,108,225,341,425,449,84,215,340,431,465,108,240,368,462,503,133,273,405,498,538,125,283,420,510,545,110,278,416,495,116,284,417,481,124,295,416,463,115,289,401,442,273,389,443,252,384,459,227,385,476,219,398,500,224,400,511,206,372,487,521,167,327,444,477,281,401,444,236,365,424,197,338,415,174,321,412,156,305,406,297,412,449,302,435,482,306,451,512,296,445,514,277,433,511,275,434,518,276,433,523,264,423,522,270,437,529,310,483,552,525,520,574,520,530,588,529,536,614,580,555,660,660,581,700,708,594,705,701,591,694,684,575,677,676,626,77,134,40,125,199,253,278,32,115,208,280,299,299,24,82,148,225,287,299,10,74,126,173,227,46,122,170,211,-4,99,164,201,64,160,208,231,6,129,217,261,280,48,164,254,312,334,73,179,278,352,381,106,209,309,380,403,135,244,330,383,396,124,242,322,370,391,109,241,331,383,411,125,270,376,437,467,130,287,416,498,538,103,268,421,520,84,246,403,500,88,250,395,476,78,260,403,463,246,400,451,225,385,441,442,212,372,443,457,184,355,456,482,333,463,502,312,451,504,283,426,487,242,389,452,192,334,397,408,263,341,370,211,315,362,199,323,380,198,331,394,176,326,413,326,447,490,328,465,523,313,450,506,291,428,481,295,432,487,307,450,512,308,463,533,318,481,542,343,509,555,361,533,580,373,545,601,561,632,606,589,687,693,606,728,746,600,720,730,585,692,693,658,650,657,566,87,189,72,173,269,299,48,110,181,256,33,101,132,169,-38,70,135,155,16,118,163,-36,91,175,195,33,153,219,87,183,241,20,119,195,259,59,151,227,295,96,198,279,325,127,240,315,332,142,268,348,360,142,284,381,417,121,275,395,462,96,244,379,474,89,223,359,456,218,359,435,204,371,438,435,178,370,451,444,155,356,456,455,341,456,468,312,446,482,263,414,476,211,367,444,449,167,328,418,437,295,404,428,250,368,394,181,302,346,116,250,333,357,241,356,385,236,364,399,200,343,408,165,332,437,157,340,470,339,481,521,335,476,509,354,485,513,372,507,544,374,525,575,373,531,578,376,533,575,377,538,597,384,548,622,412,573,648,646,613,697,702,624,730,739,592,703,716,680,649,666,582,8,105,-3,94,201,-10,62,130,203,38,103,127,162,-36,74,124,124,29,128,155,-38,96,178,182,12,134,194,67,149,188,29,114,157,89,153,186,37,144,205,82,193,264,291,108,235,318,332,122,262,357,374,111,258,365,399,80,230,346,397,207,327,385,177,314,382,390,137,307,403,397,115,310,438,441,297,452,478,266,432,485,229,393,472,462,171,338,439,447,278,386,404,229,343,370,178,313,366,364,127,275,359,373,217,326,370,159,299,384,133,297,411,440,285,411,443,243,380,436,217,371,453,214,386,489,204,400,525,210,419,548,240,446,558,550,250,449,559,558,436,563,583,420,560,596,401,550,600,379,542,618,366,536,632,383,547,635,583,657,651,599,677,664,651,652,607,590,614,4,20,82,137,52,106,125,-23,75,108,97,43,131,135,-38,104,180,-5,132,187,40,137,165,2,93,135,151,79,137,152,130,168,189,68,160,198,216,114,208,243,239,167,270,298,192,304,332,176,303,342,154,294,349,325,126,273,351,336,250,365,375,246,403,444,227,411,486,453,369,467,464,311,419,449,249,374,430,203,337,400,386,161,297,363,351,247,336,341,194,309,346,132,262,339,373,68,214,334,406,197,351,445,194,357,462,179,334,450,488,318,444,491,309,451,508,299,471,550,320,517,604,341,542,616,321,512,585,287,475,564,448,563,590,418,563,622,382,555,642,354,534,638,347,515,610,630,522,594,588,529,594,578,574,574,518,31,51,86,0,68,77,68,119,98,-6,126,169,131,19,152,182,47,151,165,83,142,152,34,114,143,167,71,122,151,79,118,150,119,141,150,196,191,168,185,255,236,194,205,283,269,211,306,305,210,326,347,199,343,402,358,357,461,439,335,473,479,283,428,457,229,370,412,406,319,383,402,282,368,397,242,347,380,189,320,370,347,137,291,367,353,237,339,356,166,300,365,130,289,401,444,292,431,490,286,430,502,270,419,495,240,403,492,504,224,399,520,553,434,589,632,443,608,649,396,553,598,345,501,563,310,475,568,274,450,583,421,586,669,390,563,657,360,518,609,623,489,563,566,475,541,538,512,-25,18,51,89,107,69,140,153,103,40,155,165,49,149,61,139,75,81,17,74,43,105,165,208,182,256,221,319,241,376,424,228,397,475,443,375,472,458,332,435,434,288,395,401,241,353,375,198,315,366,369,298,376,379,286,390,398,257,392,421,200,357,418,382,129,298,398,397,254,389,434,233,386,472,477,221,381,486,507,372,487,508,353,483,513,335,486,547,331,508,610,301,496,620,636,443,565,587,399,521,557,372,508,572,342,502,603,491,624,686,465,608,673,418,551,619,618,499,565,573,468,532,361,343,426,425,322,407,411,299,385,388,255,338,357,211,298,345,195,313,374,188,341,415,406,175,344,439,440,314,435,458,261,411,461,208,379,459,440,342,455,475,311,453,507,292,455,527,513,268,441,534,524,412,535,549,375,534,587,322,507,596,280,467,568,446,545,547,431,540,561,403,538,595,371,535,623,655,513,612,643,463,561,598,594,508,560,295,379,285,361,363,242,300,324,204,253,300,198,271,317,210,317,360,227,358,408,226,381,449,447,371,475,479,331,470,496,275,438,500,475,403,508,518,368,511,545,322,486,545,270,442,537,220,391,527,546,336,503,565,304,485,570,304,487,572,478,568,563,440,552,577,393,532,586,590,499,562,568,444,513,217,193,216,196,231,257,212,271,290,237,321,341,257,378,407,410,470,445,396,501,501,352,496,531,468,543,420,537,540,357,502,524,299,456,512,249,409,505,195,357,484,518,329,479,537,336,499,564,330,500,573,564,466,562,574,412,532,566,473,211,220,241,341,389,425,391,477,473,362,496,532,316,481,545,432,522,511,375,485,475,336,455,465,302,429,466,250,387,448,206,360,449,458,358,473,496,347,480,520,500,463,537,523,336,316,446,440,510,404,477,472,363,437,422,346,421,402,339,418,402,308,402,397,262,385,416,382,370,437,413,341,432,415,327,321,323,377,303,372,364,344
Calcaneocuboid - Cuboid,128,134,84,100,109,92,111,96,106,130,121,77,76,27,53,73,2,46,72,52,51,85,72,57,94,94,68,70,50,27,30,24,21,-16,6,25,-41,0,24,16,1,30,24,0,26,31,-21,-7,0,-12,-9,-25,7,-3,0,39,13,-29,10,6,-5,-30,-18,-9,-5,-45,-26,-24,-66,-45,-37,-75,-62,-45,-40,-66,-54,-56,-36,-38,-60,0,-15,-38,-30,-36,-62,-40,-36,-25,-7,4,-11,-54,-25,-27,-45,-49,-46,-51,-57,-69,-63,-68,-101,-87,-80,-112,-87,-66,-102,-82,-72,-60,-58,-72,-23,-45,-71,-74,-34,-72,-85,-74,-112,-105,-74,-125,-100,-49,-96,-7,10,-15,-50,-32,-30,-47,-83,-55,-67,-82,-62,-76,-87,-92,-76,-81,-92,-89,-79,-79,-87,-97,-72,-58,-106,-79,-68,-93,-86,-91,-92,-94,-111,-106,-108,-121,-110,-118,-115,-95,-102,-57,-44,-5,2,-54,-99,-26,-57,-90,-52,-64,-87,-102,-69,-93,-95,-61,-93,-100,-92,-80,-89,-93,-70,-67,-69,-79,-68,-55,-52,-89,-73,-71,-103,-106,-91,-117,-124,-105,-113,-115,-98,-106,-98,-82,-78,-59,-58,-20,-56,-111,-45,-69,-102,-72,-97,-121,-94,-106,-124,-110,-89,-110,-98,-61,-96,-100,-86,-82,-96,-92,-65,-73,-75,-78,-59,-60,-61,-74,-68,-67,-88,-84,-59,-94,-89,-63,-83,-73,-49,-29,-42,-35,-44,-42,-28,-58,-41,-56,-95,-79,-84,-95,-114,-124,-124,-128,-135,-131,-87,-102,-105,-75,-62,-84,-82,-80,-92,-89,-66,-75,-75,-52,-49,-49,-59,-40,-31,-79,-48,-32,-11,-56,-45,-22,-50,-40,-15,10,-29,-2,15,-3,7,-3,-1,-32,-81,-60,-60,-77,-114,-100,-86,-141,-134,-108,-128,-104,-44,-85,-69,-21,-49,-53,-30,-35,-55,-52,-46,-41,-41,-34,-29,-20,-6,-2,-25,3,21,-44,-3,20,31,-19,-9,8,-21,-19,4,-1,25,54,7,34,51,13,27,-7,-34,-23,-26,-42,-76,-56,-49,-124,-92,-63,-132,-114,-83,-92,-68,-14,-49,-28,22,-25,-12,30,-9,-4,19,37,15,26,42,30,43,61,19,37,65,78,3,45,72,-21,17,41,53,12,23,50,26,28,58,95,27,54,85,35,59,5,-3,-6,-27,-8,-4,-54,-27,-10,-77,-39,-9,-94,-53,-20,-89,-66,-41,-54,-35,2,-26,-4,36,-9,20,66,7,39,79,29,56,83,104,72,100,126,72,103,138,137,54,109,135,6,67,115,56,98,128,54,78,124,22,42,101,151,5,70,125,44,-51,4,4,-8,15,18,-49,-3,18,-70,-16,25,-67,-13,33,-50,-6,27,-38,-11,12,-16,7,27,-5,26,47,9,57,85,20,77,111,23,75,116,30,75,130,160,73,138,189,35,99,175,195,55,139,196,47,114,184,201,88,150,208,29,93,186,-37,30,138,8,95,89,-12,14,23,32,-14,31,44,-56,13,45,-72,2,56,-55,12,63,-19,32,64,2,42,65,4,38,65,39,76,74,46,100,105,45,117,135,38,112,151,30,96,157,81,156,198,62,150,219,53,132,214,250,103,181,246,74,144,226,263,88,185,271,21,124,240,-9,77,178,60,128,-15,15,-18,4,37,-10,21,54,79,-36,35,75,-63,22,68,-66,9,62,-42,19,62,-2,50,78,21,69,94,28,70,99,30,76,110,8,77,127,129,73,141,154,86,159,178,101,164,190,91,154,194,194,144,214,239,132,212,261,259,173,238,274,139,219,286,193,285,325,146,253,339,109,196,285,125,181,-27,-18,15,-39,1,44,-23,29,82,7,73,127,19,90,134,9,70,116,-4,46,103,6,47,99,8,47,79,29,67,99,39,67,97,51,82,111,37,91,133,91,146,117,173,178,156,203,201,167,219,233,215,261,254,193,260,280,167,240,285,284,231,306,334,219,312,368,344,280,357,385,238,306,358,185,218,261,175,-25,-35,0,-68,-22,20,-44,9,57,-17,45,102,3,76,140,8,83,149,1,64,129,-2,45,112,11,52,111,42,80,120,28,52,88,40,56,85,58,79,105,60,104,135,44,114,151,124,165,165,153,192,194,183,227,238,175,237,265,242,218,268,271,197,275,311,298,366,364,304,389,410,261,354,401,385,292,350,375,226,274,321,200,256,-24,-60,-19,10,-94,-23,34,-93,-20,43,-61,-4,51,-23,24,70,3,53,100,15,71,124,29,80,133,47,85,133,54,86,130,51,83,123,39,72,110,40,72,102,67,92,112,68,107,128,64,128,155,123,163,161,131,177,188,169,214,221,189,239,244,165,226,250,241,196,263,299,195,302,366,360,324,397,410,282,367,407,306,372,386,239,315,367,243,314,-60,-77,-45,-42,-29,-85,-64,-33,0,-51,0,35,-112,-28,44,79,-103,-23,57,-83,-33,35,-47,-16,28,0,28,58,41,71,100,70,100,129,91,112,139,88,96,124,66,71,102,47,62,98,47,74,111,71,95,124,113,131,140,134,161,156,125,167,169,133,180,187,173,216,209,201,242,224,185,230,226,205,196,237,262,186,274,328,302,365,377,288,368,406,240,349,417,411,290,380,412,295,357,-78,-32,-54,-52,-71,-65,-37,-107,-70,-26,-87,-33,5,-36,27,56,-11,57,89,-25,39,80,-24,23,55,6,24,47,71,79,87,89,98,114,82,87,114,72,59,87,62,39,63,61,52,81,76,87,122,100,115,145,129,144,157,143,169,173,145,179,184,167,195,190,200,225,201,210,237,208,194,227,215,191,215,238,252,215,277,309,222,301,340,334,303,367,391,278,383,444,208,334,424,241,334,-94,-62,-86,-66,-18,-58,-77,-54,-5,-91,-86,-54,-10,-118,-86,-48,-97,-49,-18,-39,11,33,7,56,75,11,57,84,4,41,70,34,42,60,95,79,69,102,88,98,68,60,95,48,29,65,47,17,47,59,40,71,86,84,118,117,116,140,139,141,150,153,170,171,174,194,188,213,218,193,243,240,196,242,240,198,224,235,215,195,248,257,264,274,304,313,282,327,336,307,327,366,368,300,385,430,233,343,418,266,344,-85,-141,-103,-38,-103,-72,-6,-80,-52,0,-79,-47,-9,-106,-73,-41,-15,-87,-42,-14,-4,-37,6,27,12,45,60,31,54,69,30,44,62,45,36,60,76,57,83,117,87,91,122,89,69,100,63,41,79,51,26,61,53,35,71,75,64,98,110,96,116,136,125,130,150,151,149,178,180,165,225,216,181,264,240,189,276,240,185,255,233,197,184,245,236,240,285,287,285,306,319,313,284,321,346,342,296,365,399,336,394,369,274,332,342,-32,-139,-69,7,-156,-115,-35,48,-105,-77,-11,-72,-49,-6,-63,-38,-11,-53,-27,-7,-23,0,14,-16,12,33,42,23,39,51,40,46,51,42,44,53,55,49,76,74,67,108,82,89,137,83,107,162,94,73,106,72,55,90,57,41,76,67,48,81,103,82,104,135,118,129,149,134,136,174,154,140,213,193,164,246,220,182,256,216,171,190,161,162,180,173,186,217,211,215,254,247,244,237,254,275,288,237,300,341,296,352,343,250,302,321,234,-6,-63,10,-135,-59,28,-111,-33,55,-81,-14,66,-78,-60,-17,45,-62,-46,-24,-42,-23,-3,-14,11,38,14,42,69,38,41,53,72,63,62,56,67,75,71,70,82,102,72,87,130,73,96,144,88,117,161,98,133,174,86,121,153,60,92,118,73,52,82,116,110,84,105,149,124,133,177,141,139,205,158,143,219,187,164,213,203,182,185,170,165,131,138,161,91,113,151,113,119,146,156,147,158,178,160,184,217,154,215,272,151,237,302,304,219,276,292,233,268,9,-38,4,31,-107,-47,19,44,-105,-48,24,-88,-27,45,-73,-10,58,-62,-21,40,-56,-48,-29,19,-37,-22,0,-16,10,45,6,33,73,37,44,73,76,58,64,90,102,85,75,103,115,63,100,138,64,110,149,80,127,158,102,142,166,111,138,152,101,119,127,94,110,128,109,117,147,128,123,152,202,146,128,149,244,175,147,243,201,176,207,198,177,177,185,185,101,131,168,38,80,138,36,63,109,81,106,140,105,133,173,116,172,227,124,199,260,122,196,251,229,15,-22,10,-35,-10,16,-34,11,36,-72,-38,16,37,-68,-28,21,-58,-14,30,-45,-15,31,-29,-16,27,-25,-15,0,35,-14,-4,21,5,7,38,31,20,46,57,36,44,73,62,59,45,84,107,42,97,144,45,106,149,57,110,143,88,121,145,123,131,139,144,137,129,153,141,136,150,132,143,132,106,126,131,99,111,171,132,124,210,180,155,220,212,188,194,197,192,124,139,162,61,91,135,46,80,118,97,115,136,117,132,156,121,156,193,115,167,214,105,160,211,204,52,69,-2,32,52,-47,-31,0,-56,-33,4,-50,-6,37,-51,2,41,-87,-54,-11,7,-74,-44,-11,-52,-28,9,-29,-14,24,-19,-8,27,-8,-16,-5,34,16,-3,11,34,14,34,30,20,39,24,35,55,52,94,114,31,90,146,35,91,141,40,80,120,71,91,119,111,108,121,142,122,118,164,135,126,168,131,130,141,104,106,126,91,86,157,122,99,193,162,131,201,183,159,187,174,161,150,139,141,122,123,135,124,135,142,147,159,146,148,163,145,150,136,146,168,104,142,181,86,134,183,186,71,73,90,88,10,55,72,-11,16,35,-37,-14,17,-72,-42,-3,-77,-25,30,-85,-20,39,-103,-46,8,-125,-104,-56,-5,-102,-80,-29,-70,-46,5,-39,-15,32,-21,0,52,11,-3,19,32,22,46,26,29,57,9,35,74,34,80,120,72,118,146,40,71,107,49,65,94,82,85,106,101,95,113,99,87,104,107,89,103,126,103,114,130,109,114,128,112,107,141,123,105,152,125,106,144,122,111,132,117,112,122,111,111,126,113,114,137,129,143,180,147,155,193,147,150,155,137,155,112,132,165,91,128,169,173,45,55,59,33,53,64,59,31,51,60,-17,18,34,50,-30,-10,9,-41,-32,0,-41,-21,20,-71,-35,6,-95,-38,22,-130,-68,5,-140,-81,0,-134,-111,-46,-93,-60,10,-49,-8,63,-30,14,95,-19,20,100,16,7,41,23,24,61,9,31,80,17,55,108,38,70,115,36,56,93,53,50,63,101,90,98,111,99,113,75,68,98,55,52,90,81,78,110,116,120,140,135,145,151,137,139,133,131,115,109,115,98,104,105,93,101,101,93,98,89,96,113,110,112,140,163,136,153,186,134,141,162,121,135,133,127,149,112,132,165,169,77,91,92,84,45,67,79,17,35,47,-21,-3,13,23,-30,-13,7,-27,-15,6,-44,-38,-24,4,-49,-57,-29,-45,-49,-10,-53,-39,-15,27,-74,-33,22,-103,-51,23,-116,-60,23,-119,-92,-24,62,-79,-44,32,-43,-1,82,-38,13,110,-42,12,106,-16,-26,25,-4,-9,46,-6,3,66,12,32,92,35,52,104,30,41,83,39,43,76,94,78,77,109,93,99,74,64,92,49,45,91,76,75,123,126,131,165,150,160,175,138,146,151,123,116,126,113,98,120,115,93,113,101,109,128,107,119,140,125,143,167,153,151,164,155,125,132,141,107,123,136,131,154,121,146,180,176,80,85,85,75,61,70,76,25,29,40,49,-15,-9,0,-55,-32,-10,-80,-67,-26,-69,-58,-15,-57,-65,-55,-16,-53,-76,-60,-47,-70,-41,-51,-42,-31,15,-49,-20,30,-44,-4,60,-47,-1,65,-74,-46,9,81,-52,-27,36,-27,-1,71,-27,14,103,-34,22,112,-29,-31,33,114,-24,-25,49,-10,-6,71,33,39,100,65,66,109,50,48,87,32,32,70,66,50,53,85,70,82,75,61,91,62,50,100,84,76,135,127,121,168,143,138,164,126,126,143,112,111,130,108,99,122,98,114,143,121,123,143,151,159,174,173,196,206,172,186,188,146,136,140,116,135,170,143,181,205,108,155,202,216,82,81,86,92,36,58,68,80,24,39,55,1,5,22,-27,-30,-26,-73,-45,-14,-93,-89,-33,30,-86,-74,-18,-68,-60,-20,-35,-56,-55,-24,-44,-25,-25,-14,34,-23,-4,42,0,28,86,7,42,100,-4,34,95,-15,-4,37,4,14,65,12,40,104,15,63,137,10,77,159,0,7,90,15,26,115,57,64,132,72,72,118,43,45,92,16,26,80,40,26,47,99,61,54,87,75,67,112,76,64,122,82,75,140,103,98,151,120,108,137,124,113,126,125,118,128,114,121,143,115,112,131,137,127,139,175,177,187,202,221,227,199,206,203,150,146,174,124,142,182,143,187,219,154,202,226,112,95,104,97,85,44,58,76,90,42,54,70,10,35,51,73,-9,-3,15,-36,-39,-37,-14,-69,-48,-19,-70,-79,-33,31,-65,-60,-15,-44,-38,-11,-11,-12,-8,14,21,44,15,41,94,15,24,70,26,45,104,30,58,123,24,54,119,34,31,57,59,55,78,74,82,111,84,111,156,80,130,196,49,69,143,44,69,154,61,83,152,62,82,137,42,68,126,24,59,122,31,74,135,53,57,110,81,85,141,94,94,153,87,97,159,94,108,155,124,122,143,154,140,143,152,153,162,141,138,159,122,115,138,128,122,141,163,170,187,201,213,226,208,201,198,213,147,139,173,121,130,170,140,165,195,156,182,204,96,78,75,92,61,74,86,105,21,35,51,84,44,48,54,10,43,52,61,-17,2,22,-53,-43,-27,2,-64,-48,-12,-36,-51,-23,35,-20,-21,7,-6,4,21,13,31,50,50,78,114,59,94,149,63,61,104,61,74,127,57,83,147,54,80,148,76,64,79,98,86,87,114,106,108,127,128,146,127,148,185,80,111,160,57,97,164,66,106,169,77,118,178,68,117,180,51,103,168,51,101,162,67,71,122,97,104,153,118,130,180,113,144,197,117,158,200,148,174,194,182,187,195,187,195,205,158,165,193,116,125,166,106,117,154,137,148,177,179,187,206,186,190,212,143,143,174,121,129,162,140,151,172,182,113,97,94,107,126,160,34,68,106,149,17,46,100,48,40,47,96,35,56,53,56,-2,29,44,-54,-23,16,48,-45,-19,32,1,-8,14,72,25,32,56,22,37,59,81,47,72,102,85,112,156,98,124,178,114,104,132,123,124,159,120,137,182,100,121,176,91,87,103,91,93,104,106,108,119,131,130,145,139,150,171,82,126,163,66,123,182,88,147,212,103,161,231,89,148,222,67,123,195,71,119,180,96,136,181,126,132,165,147,167,201,146,191,235,149,210,253,168,217,249,181,208,229,190,207,218,156,173,205,113,136,186,95,116,165,103,118,160,133,150,184,225,169,194,228,145,167,201,129,154,184,164,184,154,152,185,128,160,190,235,50,106,162,210,33,88,153,59,50,82,141,85,81,74,93,50,77,84,0,35,75,94,31,50,94,74,72,86,128,79,100,125,50,86,121,153,78,118,157,115,146,195,128,149,204,163,141,159,189,172,191,196,193,221,164,175,212,113,127,153,87,120,159,103,138,178,145,170,198,118,165,193,212,100,161,203,105,172,227,136,201,263,143,205,274,123,183,258,110,168,237,122,174,227,146,185,220,174,200,218,197,227,232,160,212,256,160,226,278,169,221,270,188,223,236,155,178,195,132,153,189,109,136,190,87,116,177,69,100,164,122,182,237,151,201,247,145,190,231,142,185,217,213,116,164,162,209,175,198,224,270,130,170,214,247,115,169,215,122,121,169,212,152,135,134,169,127,132,132,120,120,125,127,162,140,144,189,190,176,186,170,193,208,123,165,200,230,133,183,223,151,195,245,157,189,242,186,168,193,213,196,217,242,225,245,234,228,249,186,200,219,149,185,227,161,207,251,204,244,273,164,224,260,276,156,216,255,164,220,261,185,239,285,182,239,294,172,228,283,177,231,279,186,239,276,193,233,260,202,235,252,205,247,261,202,257,275,207,268,294,197,257,288,159,209,236,123,162,187,110,143,184,104,140,201,90,131,204,69,113,191,243,120,187,242,139,191,240,141,191,237,155,206,241,244,173,160,203,209,224,260,203,215,236,253,212,238,253,217,224,252,265,220,215,223,243,209,197,195,249,202,173,169,269,213,187,278,275,245,238,259,266,270,239,248,256,278,231,251,269,227,261,291,208,218,257,291,187,206,247,192,208,245,236,237,259,270,262,271,258,263,264,235,250,264,233,264,286,253,287,299,209,259,283,290,206,244,262,203,237,257,208,245,279,196,241,289,186,230,275,200,240,273,215,250,272,212,240,256,207,239,258,201,247,273,195,247,270,197,251,270,186,247,275,154,222,256,128,193,220,115,171,210,108,163,229,104,159,241,143,223,268,130,196,248,129,180,237,131,184,239,211,248,247,218,223,226,239,218,232,249,263,247,253,266,273,277,295,295,269,285,298,291,280,259,259,327,266,225,225,301,253,233,298,289,275,286,280,298,312,276,269,311,283,287,310,309,319,276,288,310,324,211,245,286,183,222,265,215,244,270,258,274,281,248,272,279,255,276,279,255,287,295,248,281,291,198,239,256,256,209,236,241,211,238,251,222,248,279,219,240,286,204,218,260,218,228,254,246,248,256,243,241,241,225,236,249,217,246,270,220,252,264,226,261,262,214,268,284,183,261,296,164,245,274,149,222,252,121,198,261,183,272,306,166,258,304,144,231,288,133,211,282,139,206,271,289,210,243,247,209,263,254,258,237,257,281,299,255,271,288,297,270,305,329,317,300,326,339,348,319,303,305,332,299,274,297,276,268,279,268,260,282,306,262,268,316,315,259,270,326,277,298,334,307,332,339,308,310,260,258,291,213,232,277,227,258,290,198,257,290,308,210,265,292,231,283,302,249,302,318,234,277,292,218,245,251,184,227,246,202,243,269,236,266,306,264,276,322,263,260,297,275,266,290,305,287,290,307,278,271,279,264,269,257,267,284,257,277,286,266,294,295,255,303,321,225,297,336,211,287,317,199,270,292,153,234,287,294,206,297,334,197,303,348,179,290,347,164,268,342,174,247,308,217,236,254,281,273,277,283,281,294,301,305,326,346,328,340,341,362,368,352,353,352,319,322,321,281,267,284,261,260,300,305,263,286,348,305,259,290,307,265,297,388,309,283,321,359,293,290,304,263,291,267,252,296,277,285,322,250,291,318,350,233,285,319,252,304,329,281,329,346,266,306,326,239,276,297,188,242,280,205,258,302,239,287,343,278,313,372,289,312,363,289,310,353,308,315,341,326,311,320,312,302,314,286,299,316,280,304,317,287,320,333,282,330,354,263,324,358,261,325,349,263,328,347,292,339,353,250,331,373,240,334,379,218,318,368,194,281,343,252,298,264,308,293,302,299,354,332,334,350,375,379,390,390,361,377,397,405,350,356,367,374,330,321,328,337,313,311,337,345,320,338,346,318,340,365,322,298,317,355,299,288,345,288,293,326,286,306,314,294,322,315,317,349,291,315,341,278,312,347,304,333,350,335,355,355,323,338,345,297,317,337,256,292,319,340,266,302,335,285,322,364,302,341,390,298,341,394,271,320,381,264,302,357,287,304,342,302,316,344,298,317,340,298,319,336,307,336,354,308,351,370,298,351,368,306,365,379,386,407,399,357,402,412,304,370,407,279,353,398,258,332,378,297,343,358,356,348,349,362,379,394,396,378,396,413,416,397,402,397,369,396,384,369,372,382,373,397,393,399,378,398,396,410,346,351,359,314,302,324,309,295,323,324,319,339,332,335,347,312,320,336,298,314,348,307,329,364,344,356,365,375,372,358,371,365,354,355,355,357,349,354,360,341,351,360,357,364,375,358,373,388,338,364,393,287,324,376,253,287,347,267,292,341,298,322,359,309,332,363,314,329,353,321,339,360,321,352,369,315,356,371,384,402,416,422,443,451,402,432,440,343,391,416,310,373,415,370,413,392,349,368,393,361,373,384,397,375,408,401,388,383,419,401,349,391,410,401,371,405,417,427,359,399,421,322,357,393,289,318,366,294,289,326,377,291,314,359,391,293,319,358,288,299,332,288,300,340,314,333,373,360,369,386,394,386,377,392,377,364,372,360,355,362,355,355,367,364,365,367,381,377,383,381,387,393,365,380,396,318,339,379,284,301,353,299,313,353,329,347,379,327,348,384,404,331,366,394,331,362,397,339,370,412,342,377,427,373,411,464,416,443,484,402,423,450,346,386,418,314,379,428,442,334,350,332,355,372,368,354,383,399,381,373,393,403,368,387,402,347,378,401,303,329,367,396,293,314,359,284,313,374,275,323,394,268,310,373,264,288,336,273,295,339,310,334,375,369,378,402,410,398,398,399,373,363,362,334,331,349,330,334,362,360,367,372,380,392,367,387,403,362,383,403,337,353,388,318,322,364,340,337,367,371,396,411,366,404,437,339,387,439,332,381,444,335,388,461,335,395,475,356,416,493,385,432,492,371,408,452,326,374,418,373,427,357,339,337,404,372,370,377,402,373,382,395,371,356,372,337,344,367,321,350,381,310,349,391,294,340,396,282,338,401,268,323,386,259,306,360,272,313,352,313,344,374,369,381,403,406,394,396,391,359,349,349,314,315,335,312,328,362,354,366,387,399,400,387,404,408,377,390,400,359,362,384,349,333,360,341,362,389,378,400,427,395,430,472,382,429,491,369,420,496,361,421,504,356,424,511,362,430,507,367,428,483,341,397,439,307,363,405,408,339,411,375,363,394,362,372,363,347,369,337,341,366,325,350,379,295,307,347,384,290,340,381,291,352,391,287,354,396,284,344,383,297,343,367,319,353,371,343,367,390,364,368,381,357,341,341,322,308,322,307,306,342,346,349,375,406,399,401,433,422,406,417,404,397,394,383,388,360,368,392,354,363,393,382,402,433,414,445,487,415,454,515,406,447,518,406,447,516,405,450,517,398,447,505,377,429,468,332,385,418,297,349,383,376,394,378,371,406,388,373,380,393,368,369,385,365,350,362,332,333,357,292,305,342,267,293,342,264,310,368,257,318,379,259,318,371,382,275,323,361,366,287,321,351,363,316,347,374,324,348,374,321,335,353,297,313,344,288,314,364,325,353,393,381,393,413,433,404,400,429,404,404,410,417,423,410,410,415,395,397,412,395,413,440,407,439,480,406,445,504,410,445,505,430,447,492,440,451,485,428,449,479,392,424,449,336,373,403,300,340,376,381,364,362,377,390,358,352,377,355,346,370,337,338,362,308,322,357,303,322,362,315,339,377,313,346,384,306,341,374,306,332,359,309,322,349,309,313,346,311,318,354,306,320,356,385,306,345,383,306,349,395,329,379,417,356,403,435,371,403,438,377,408,438,412,437,445,449,453,443,440,439,435,414,432,448,406,439,473,408,444,491,421,446,487,433,442,467,432,439,459,421,442,464,393,423,448,346,381,417,355,398,349,344,377,335,330,374,333,324,353,323,323,334,331,313,330,352,343,322,342,372,339,353,380,355,368,390,359,366,386,347,350,370,340,342,367,339,340,373,340,343,384,329,346,393,309,336,387,326,383,419,330,394,427,344,411,441,355,409,444,358,404,440,403,435,448,464,467,449,464,455,437,431,438,440,426,443,460,442,456,477,455,462,476,444,456,467,413,447,471,395,443,482,384,432,474,414,459,447,374,380,383,366,361,357,335,332,322,304,309,308,300,317,325,314,332,363,335,348,406,368,376,395,384,390,410,372,380,404,363,377,404,368,381,412,373,379,415,357,371,414,326,354,401,295,325,380,269,303,368,316,382,410,346,397,421,364,404,433,409,433,446,465,459,450,471,449,439,452,438,441,454,448,458,466,462,472,469,474,478,447,479,484,403,468,495,369,444,499,426,489,494,322,372,402,298,330,352,357,278,291,306,316,301,295,298,308,327,317,323,368,344,344,396,366,367,391,369,381,366,356,381,350,382,415,366,389,419,383,383,409,380,369,395,366,357,384,337,328,363,291,292,342,301,354,385,342,386,411,384,421,452,429,455,483,467,473,494,482,468,487,484,464,481,480,468,487,468,475,495,460,490,501,444,503,511,402,490,518,352,448,510,414,500,509,277,341,390,202,244,305,356,226,277,321,260,292,316,331,337,338,330,392,375,358,349,379,357,353,352,339,344,324,322,340,324,319,344,356,336,351,380,357,348,369,380,348,362,402,355,365,398,346,358,361,327,350,339,337,369,365,405,430,403,447,484,439,483,532,467,501,555,491,503,546,501,492,518,485,475,499,467,480,504,466,505,519,459,519,530,414,498,535,350,455,533,527,334,230,258,309,203,226,282,332,209,236,291,335,300,340,358,373,380,375,400,379,366,355,344,335,329,311,311,314,314,311,321,344,324,330,374,343,335,353,372,351,363,396,361,369,402,351,359,395,345,353,392,367,383,385,394,427,412,463,502,427,487,544,443,501,563,466,504,554,475,481,512,461,452,475,455,462,482,468,493,503,460,498,514,357,404,471,523,438,338,234,261,294,329,220,253,308,201,238,308,235,281,345,375,345,382,394,379,387,388,365,352,348,312,316,313,307,313,326,336,327,336,363,348,348,369,363,365,355,358,374,343,328,351,356,320,340,394,363,376,409,408,429,385,411,458,374,403,465,391,408,464,413,422,462,511,431,449,487,427,439,468,430,456,480,445,477,492,431,469,496,375,439,406,270,309,208,234,283,340,213,216,270,348,240,292,366,276,315,376,399,329,371,387,332,344,350,316,313,324,310,309,323,334,331,330,336,343,340,343,323,336,353,290,309,337,291,290,306,341,312,308,342,368,360,382,402,409,428,375,405,445,355,390,443,378,393,435,405,406,435,411,418,444,394,425,462,493,374,431,484,511,370,431,487,511,407,463,422,259,291,220,238,286,239,230,285,263,244,294,365,249,284,354,254,271,331,358,276,311,339,280,300,334,282,302,333,294,311,326,321,305,318,321,278,306,329,257,289,325,274,289,319,323,315,336,347,365,391,364,383,409,344,375,412,334,370,415,360,382,417,397,401,426,417,423,451,410,439,483,385,438,498,423,486,394,452,218,232,229,270,257,239,278,267,237,268,329,231,246,304,236,237,285,327,246,285,335,254,289,334,262,291,322,264,284,313,244,264,305,325,254,302,342,277,314,361,318,336,382,337,343,383,342,340,365,388,331,344,372,329,342,373,332,350,379,345,363,389,368,384,415,378,401,443,361,401,451,395,189,222,228,242,275,239,239,270,239,225,243,289,227,227,271,249,242,278,259,259,293,332,261,293,328,251,281,322,229,262,320,213,249,320,367,255,321,389,278,328,404,294,329,396,315,332,370,342,333,337,349,324,317,310,301,308,256,281,309,284,319,353,302,331,340,226,177,214,253,183,194,220,217,204,206,246,267,241,233,268,261,259,296,245,251,293,334,213,218,267,325,187,244,321,170,230,320,177,222,307,208,224,294,385,227,286,375,246,294,356,283,304,327,303,297,297,279,272,280,246,278,237,281,260,290,142,115,156,126,146,161,175,232,186,209,271,187,210,276,168,184,249,143,156,222,303,119,138,203,289,138,195,277,158,194,268,162,180,251,341,156,179,246,324,210,260,306,233,261,284,246,270,229,218,40,70,112,103,152,131,172,242,140,164,225,127,144,196,128,174,130,178,242,143,190,258,174,246,159,228,175,231,226,216,128,142,134,118,117,145,171,196
